#"Progress (%)","Step","Potential Energy (kJ/mole)","Kinetic Energy (kJ/mole)","Temperature (K)","Box Volume (nm^3)","Speed (ns/day)"
0.2%,199999,-441610.68691342836,85241.52251782574,297.4453807397248,340.16846876037647,0
0.4%,399998,-441043.64283833373,85231.76044291473,297.4113165418674,341.00418074800046,32.8
0.6%,599997,-440041.2283321023,85463.59033919044,298.22027360560537,341.5850612688663,32.8
0.8%,799996,-441264.6697514462,85112.74453741737,296.9960173979866,341.6340663952801,32.8
1.0%,999995,-442382.0827042912,85767.89157632098,299.2821152370584,339.14472288178916,32.8
1.2%,1199994,-442670.89215497766,85425.96862096054,298.08899478781285,339.2724245670334,32.8
1.4%,1399993,-441284.5871001403,86236.42958758492,300.9170516276219,338.96803662303904,32.8
1.6%,1599992,-442535.90290882764,85894.28564800392,299.7231600666731,339.7805885189223,32.8
1.8%,1799991,-442041.5836133831,85574.3122819094,298.60663144431476,340.8553720170012,32.7
2.0%,1999990,-441133.2509893747,85350.25375691836,297.82479213284535,341.2047721967656,32.7
2.2%,2199989,-440408.0883149728,84779.3719518309,295.8327329713479,338.77250744867655,32.7
2.4%,2399988,-441970.01869195607,84251.0496916839,293.98918288940484,341.4992815704461,32.7
2.6%,2599987,-441232.5429379605,85318.96546052897,297.7156134255986,340.25021204125494,32.7
2.8%,2799986,-441588.6985153714,85012.40882177427,296.6459017001468,340.4227222374096,32.6
3.0%,2999985,-441471.6348190587,85462.70774885488,298.2171938574892,340.68924929244173,32.6
3.2%,3199984,-441431.48616965674,84791.40752487816,295.87473040994036,337.9121313553592,32.6
3.4%,3399983,-442112.7403043052,86251.44461644394,300.9694457055768,339.5313722512952,32.6
3.6%,3599982,-441638.4101562267,85387.98620735254,297.9564573442837,338.72224931345806,32.6
3.8%,3799981,-441642.503791878,85222.82446399634,297.38013495837197,339.568480804443,32.6
4.0%,3999980,-441632.22071720613,85656.87441925469,298.89472726489583,340.69542568427016,32.6
4.2%,4199979,-441222.9846058469,84978.48026368761,296.5275099518539,340.98965954318237,32.6
4.4%,4399978,-441749.82555400534,85898.91612990294,299.73931786642584,340.85664627152164,32.6
4.6%,4599977,-440813.5814150213,85517.24338811981,298.40749282806013,341.05346930133084,32.6
4.8%,4799976,-441316.39949823124,85803.55212139082,299.4065506541225,339.7811243661131,32.6
5.0%,4999975,-440777.14355336037,85812.63203286496,299.4382344819769,341.12279318845316,32.6
5.2%,5199974,-441700.8903442682,84386.41028923192,294.46151589432515,340.2939516610383,32.5
5.4%,5399973,-441539.37115637306,85057.16690595425,296.8020824556854,340.17882391202977,32.5
5.6%,5599972,-441231.3106657234,85580.99346527999,298.6299450486799,340.1489824655302,32.5
5.8%,5799971,-441440.0364720621,85396.53214521986,297.98627790200766,341.93345156859544,32.5
6.0%,5999970,-441782.7924176222,85429.97200899365,298.1029643796571,340.5656798372731,32.5
6.2%,6199969,-440415.75735468185,85393.62661653559,297.97613922709655,342.6555988404033,32.5
6.4%,6399968,-441963.1826697816,85484.63278143434,298.293699995234,340.60273625164456,32.5
6.6%,6599967,-440730.2805261733,85731.44435804697,299.1549347691808,341.418069910206,32.5
6.8%,6799966,-440203.2830624175,85257.3344960215,297.5005557264656,341.16008864623427,32.5
7.0%,6999965,-440822.860086984,85492.08285709028,298.31969660492103,340.41695475059385,32.5
7.2%,7199964,-440174.3583341362,85698.087246674,299.03853705126534,339.55207723295,32.5
7.4%,7399963,-442912.7089329334,85230.47633720923,297.4068357290053,341.70727431875656,32.5
7.6%,7599962,-441903.6315791174,84702.54545965989,295.56465135408297,339.7839397096503,32.5
7.8%,7799961,-441591.6610491914,85909.04913008187,299.7746763866309,341.47669016875284,32.5
8.0%,7999960,-440599.83583781496,85566.30557743262,298.5786925104334,340.204072864058,32.5
8.2%,8199959,-441528.088079107,85500.85528380936,298.3503074824417,340.696632197854,32.5
8.4%,8399958,-442344.3551612473,85617.11485277931,298.7559885488453,339.1607741614779,32.5
8.6%,8599957,-440922.3239992517,84711.4475794615,295.59571478814155,339.67518473500473,32.5
8.8%,8799956,-441918.1111345114,85758.0393873651,299.2477365914342,339.7086109252058,32.5
9.0%,8999955,-441407.39622368896,85357.08639784157,297.8486342396125,341.39971778052535,32.5
9.2%,9199954,-441181.3571063373,86098.93388398527,300.43726829317103,340.47657321110336,32.5
9.4%,9399953,-441780.21471784357,85268.90723602532,297.54093813582386,339.92805373892264,32.5
9.6%,9599952,-441071.4483781494,85251.64757326775,297.4807115372282,339.185318689299,32.5
9.8%,9799951,-442162.52565765474,85639.48221025802,298.8340381538369,340.90406914976853,32.5
10.0%,9999950,-441132.9249741994,85556.93629397481,298.5459989357172,340.0916306497598,32.5
10.2%,10199949,-440542.85687383683,85933.8568410587,299.8612414645276,341.26722414768244,32.5
10.4%,10399948,-441324.77409923123,85336.69634092378,297.7774843109853,340.2728748820478,32.5
10.6%,10599947,-441437.49028526526,85750.17774789079,299.2203038535196,341.5831632918787,32.5
10.8%,10799946,-441390.1315070656,84374.31191628298,294.4192993190947,339.7054115345521,32.5
11.0%,10999945,-442083.39056791365,86033.80316430633,300.2099984000423,339.90040381056934,32.6
11.2%,11199944,-441525.046678036,85475.24870419747,298.26095479847817,340.9996170474345,32.6
11.4%,11399943,-442719.952369323,85816.21033575904,299.4507207637243,340.5601631824014,32.6
11.6%,11599942,-440457.2835152908,85235.56275259191,297.42458448237585,341.0016999535259,32.6
11.8%,11799941,-442520.90654612286,85668.80434636201,298.9363560580687,339.93720140678494,32.6
12.0%,11999940,-441438.5170491729,85487.69432820845,298.3043830862791,338.54951273472653,32.6
12.2%,12199939,-441854.34305552253,85734.97889605025,299.16726833586364,340.4590711563279,32.6
12.4%,12399938,-441990.9982759212,85406.09951520985,298.01966268826317,340.27694385251016,32.6
12.6%,12599937,-442294.7805546047,85139.01593809901,297.08768993676233,340.25216301049323,32.6
12.8%,12799936,-441030.27852073126,85277.87242214964,297.57222163618127,339.76085450288264,32.6
13.0%,12999935,-441043.6191162444,85409.82011342666,298.03264550133935,338.6506047551515,32.6
13.2%,13199934,-440158.5597628597,85044.60343227081,296.75824293824365,341.0568966898718,32.6
13.4%,13399933,-441087.3748487872,86738.59051301467,302.6693132396295,339.25555596679027,32.6
13.6%,13599932,-440575.34742680145,85237.30442394316,297.43066194419134,340.55699746046065,32.6
13.8%,13799931,-441845.39929508884,85237.78213210148,297.4323288792816,339.34964499649294,32.6
14.0%,13999930,-441587.0351740294,85230.50020275413,297.40691900644896,339.36753029761644,32.6
14.2%,14199929,-442267.9368413929,85440.77721892652,298.1406685370622,340.6810323736212,32.6
14.4%,14399928,-441461.88469049986,85552.62204272812,298.5309446046028,340.7880192491402,32.6
14.6%,14599927,-441244.25945855444,84762.98109003328,295.77553800363694,340.078333334144,32.6
14.8%,14799926,-441439.94541367795,86071.21118373994,300.3405315281997,339.3032454366628,32.6
15.0%,14999925,-441597.61792562203,86328.56711059995,301.23856020471106,340.49458691345325,32.6
15.2%,15199924,-441458.35290708113,85502.80713243014,298.3571183457276,339.9849574993038,32.6
15.4%,15399923,-440889.7350112526,84913.30451505317,296.3000829327798,340.436680493005,32.6
15.6%,15599922,-442039.20758048445,85305.29817460035,297.667922218935,340.16521432726984,32.6
15.8%,15799921,-441107.76573434984,85467.8224573863,298.23504133817187,340.9056385563725,32.6
16.0%,15999920,-442406.11398625374,85291.69100188965,297.6204407738813,339.72779485994033,32.6
16.2%,16199919,-441035.7253470002,85194.38037289667,297.28088094158494,340.1230548696896,32.6
16.4%,16399918,-442074.19496075856,85852.77225760103,299.5783014830925,340.64026832547637,32.6
16.6%,16599917,-440937.599830925,84596.12049343204,295.19328756722393,340.5368903236065,32.6
16.8%,16799916,-441141.8832309563,85266.1802484137,297.53142246969713,340.49217215926546,32.6
17.0%,16999915,-441257.1465596808,85364.31432755932,297.87385568384946,339.23257863158153,32.6
17.2%,17199914,-442107.9207014502,85839.80543529728,299.53305450388336,341.11849418242963,32.6
17.4%,17399913,-442234.22561604343,85160.57513305987,297.1629195052186,339.67100555786266,32.6
17.6%,17599912,-441067.5309903757,84594.76896689401,295.1885714932519,341.23963064427284,32.6
17.8%,17799911,-442197.06598249916,84598.34197363304,295.2010392943714,341.2142794724187,32.6
18.0%,17999910,-441519.1683345018,85272.54040360014,297.5536158647131,340.4274820261709,32.6
18.2%,18199909,-442019.10020159045,84564.89771586814,295.0843374841432,339.35733880550316,32.6
18.4%,18399908,-441789.066671425,85421.49294197466,298.0733771639049,339.97099533029206,32.6
18.6%,18599907,-441867.07947927155,85634.52488811145,298.8167398638747,339.22350832938145,32.6
18.8%,18799906,-441102.1392578711,85434.72494897828,298.11954948984294,341.65876537205935,32.6
19.0%,18999905,-441702.15551442094,85642.62623758017,298.84500905600135,339.9177076340379,32.6
19.2%,19199904,-442410.1813871488,85983.67325401603,300.035072966846,339.69757841307717,32.6
19.4%,19399903,-441613.1707843067,85774.21581053128,299.304183287898,340.4665278943133,32.6
19.6%,19599902,-441534.5076203984,85324.74346993936,297.73577545647544,339.03911473099714,32.6
19.8%,19799901,-442785.56235334836,85501.28576529538,298.3518096227804,340.2274613804025,32.6
20.0%,19999900,-440961.3633708963,84748.60430802038,295.72537105127236,341.50409376153164,32.6
20.2%,20199899,-442308.42385176197,84988.1343960911,296.5611974905516,339.67913330737724,32.6
20.4%,20399898,-441154.1477679536,85906.47523574415,299.7656949306614,341.1221257840596,32.6
20.6%,20599897,-441993.0039602895,85765.10037241617,299.2723754918771,340.59148174665194,32.6
20.8%,20799896,-441393.2275676867,86166.15494518442,300.67183231257746,340.832613250708,32.6
21.0%,20999895,-441785.4863105612,85669.53590196872,298.93890877920205,339.0620031203469,32.6
21.2%,21199894,-440844.67750326823,85487.17627012008,298.30257535243305,342.62841427903226,32.5
21.4%,21399893,-441067.0813606004,84783.9078063168,295.8485605741956,341.053477915697,32.5
21.6%,21599892,-441606.4298761119,85049.27056370745,296.77452862444596,340.87968079916976,32.5
21.8%,21799891,-442371.9563187463,85178.66313844395,297.22603655767585,339.96869149314284,32.5
22.0%,21999890,-440423.638943654,84355.1094451464,294.3522934026158,341.6389596960276,32.5
22.2%,22199889,-442427.4597602673,85339.85816335469,297.7885173081563,339.53616412293457,32.5
22.4%,22399888,-442008.6384892934,85447.7162119908,298.1648817534969,341.1631888719673,32.5
22.6%,22599887,-441024.8761995509,86476.39993054862,301.75441431098034,340.04029053834654,32.5
22.8%,22799886,-441729.80353316385,84734.27017096506,295.67535290602973,339.7569252464794,32.5
23.0%,22999885,-441805.75990884984,84612.94883139082,295.2520090827895,339.6459966966024,32.5
23.2%,23199884,-441973.8033877583,85689.80983915587,299.00965351472064,340.0714195597616,32.5
23.4%,23399883,-439937.71726527344,85652.80503522925,298.8805273838394,340.43947940348295,32.5
23.6%,23599882,-441790.7914648303,85653.17708784534,298.8818256400035,340.86203615865753,32.5
23.8%,23799881,-441655.86017600447,85429.91543101872,298.10276695407396,339.14042293442094,32.5
24.0%,23999880,-442284.3703157506,86445.22849699605,301.6456433898683,340.0018825928786,32.5
24.2%,24199879,-441571.54073695606,84871.61341382877,296.1546042375282,340.6646232734127,32.5
24.4%,24399878,-441692.9342424511,85236.39172861911,297.42747714645265,339.8542376838361,32.5
24.6%,24599877,-440704.2591741141,85282.60432104662,297.58873332470415,341.9576853277419,32.5
24.8%,24799876,-443333.4631529818,85619.22512730211,298.763352230187,339.9676165656232,32.5
25.0%,24999875,-441770.7682890459,86051.5189422571,300.2718165863207,339.6839322835442,32.5
25.2%,25199874,-441420.08253895026,85277.138308367,297.5696599884404,340.16522086759556,32.5
25.4%,25399873,-440940.8875903054,86035.63601521659,300.2163940276747,340.6690685545589,32.5
25.6%,25599872,-440633.23212112393,84796.78131400398,295.89348193742757,342.12120047254285,32.5
25.8%,25799871,-441446.1634905315,86045.12231030653,300.24949590773844,341.4366363032052,32.5
26.0%,25999870,-441023.5123765897,85211.3496071489,297.34009410664737,341.26238983414055,32.5
26.2%,26199869,-441880.6914730184,85386.34107853874,297.9507167620893,341.1745961566316,32.5
26.4%,26399868,-441666.58610379696,85726.36085148744,299.13719616598087,340.55878459131503,32.5
26.6%,26599867,-440972.99611527706,85303.35965776385,297.6611578761421,340.3955042702706,32.5
26.8%,26799866,-441318.1756533892,85348.74806611636,297.81953811155796,340.32778758272565,32.5
27.0%,26999865,-441913.0095956889,85237.44932046288,297.4311675522472,340.8670751873253,32.5
27.2%,27199864,-441235.64008352486,86559.51387060471,302.04443561532287,341.2223441399273,32.5
27.4%,27399863,-441165.6070195725,84340.50104498863,294.30131823208177,339.6896275141741,32.5
27.6%,27599862,-441780.75226134574,85939.73567409022,299.8817553136203,341.2441832334074,32.5
27.8%,27799861,-442138.9673301126,84919.02663404355,296.32004993725667,339.29981180019973,32.5
28.0%,27999860,-441400.4807083197,85034.19765913251,296.7219325925155,340.20094320742567,32.5
28.2%,28199859,-442307.776256389,85627.60465247207,298.79259210039316,339.2905801955674,32.5
28.4%,28399858,-440830.08988352586,85103.34871877891,296.96323123028657,339.5157508016448,32.5
28.6%,28599857,-440601.0175675778,85438.70699305902,298.13344460319536,338.86167099239185,32.5
28.8%,28799856,-441395.0573244882,85332.06248712749,297.76131474519127,340.34643944621837,32.5
29.0%,28999855,-441276.32314049546,85281.74931147465,297.5857498180731,340.50165295226134,32.5
29.2%,29199854,-441861.1446217019,85156.055902805,297.1471499116672,340.1751286158465,32.5
29.4%,29399853,-442572.232940631,85401.20363055903,298.002578780902,340.91082510456073,32.5
29.6%,29599852,-440585.85786088044,85689.21518460964,299.00757850194884,340.4961748672726,32.5
29.8%,29799851,-442304.56790297246,84806.17410661484,295.9262575459787,340.1478429422909,32.5
30.0%,29999850,-441225.70389650296,85594.5183938106,298.6771395074065,340.99451882313804,32.5
30.2%,30199849,-440450.60225666175,85965.1241630062,299.970346982668,340.87218866479316,32.5
30.4%,30399848,-443027.6401523291,85823.1655612521,299.4749906222839,341.44033888893625,32.5
30.6%,30599847,-441802.09881026205,85290.31381405855,297.61563515630587,340.8925002456983,32.5
30.8%,30799846,-441681.6302830982,85755.07740344154,299.23740091921877,341.04573407331327,32.5
31.0%,30999845,-440542.2015465074,85252.97145180497,297.48533113509467,341.4305989275823,32.5
31.2%,31199844,-442268.6134759891,85020.25328673865,296.6732745085987,339.23775980917713,32.5
31.4%,31399843,-441198.333616734,85452.3423411221,298.18102436451755,339.75219947468975,32.5
31.6%,31599842,-442526.2824552399,85296.6185739623,297.637635252675,341.5367777866114,32.5
31.8%,31799841,-441438.5815893491,85668.61108921171,298.9356816983793,340.7766563573545,32.5
32.0%,31999840,-442133.9940160769,84497.45575833874,294.8490026597215,340.3170126894792,32.5
32.2%,32199839,-441534.4665799779,85235.40188670359,297.42402315012856,340.2228574964969,32.5
32.4%,32399838,-442249.43196698325,85602.42690908967,298.7047358157406,340.12988428238015,32.5
32.6%,32599837,-441428.30950129544,84444.19423904887,294.6631496573818,340.2869932163069,32.5
32.8%,32799836,-442562.74788975855,85190.27583850187,297.26655840534016,341.22506848546664,32.5
33.0%,32999835,-441986.69149698643,85847.7569299081,299.5608007861189,340.28589083281366,32.5
33.2%,33199834,-440931.0390026206,85726.45039012306,299.1375086058902,340.3887418692085,32.5
33.4%,33399833,-440999.7574145384,85615.61478130797,298.7507541358885,340.6501451743667,32.5
33.6%,33599832,-441938.13177034585,86010.52779721879,300.12878034784524,340.88728794655304,32.5
33.8%,33799831,-441406.0076612537,85151.64650502839,297.13176357221954,340.9464588267199,32.5
34.0%,33999830,-440804.7848436008,86171.63112090388,300.69094111218317,339.2500749216061,32.5
34.2%,34199829,-442773.12520283693,85424.10896407763,298.0825056222837,339.35342062972404,32.5
34.4%,34399828,-440742.3028647341,85716.9020479765,299.1041902161979,341.59307493718967,32.5
34.6%,34599827,-440867.1835050457,86154.69362242159,300.63183868726117,342.3879889839099,32.5
34.8%,34799826,-440786.22851760685,85386.82887718966,297.95241890737213,340.14223543881485,32.5
35.0%,34999825,-441555.22529701656,85662.30019943707,298.9136602121789,339.063726180152,32.5
35.2%,35199824,-442203.7393113589,85603.7229927028,298.7092584248211,340.1208564879599,32.5
35.4%,35399823,-441330.3529017591,85578.93664008006,298.62276787567026,339.7099038480399,32.5
35.6%,35599822,-443630.86845396087,85517.20572837489,298.4073614165504,338.6507081170593,32.5
35.8%,35799821,-440174.9051453131,85046.60682851763,296.7652336740002,340.745280514669,32.5
36.0%,35999820,-441839.34773340775,85790.65185216855,299.36153590805594,338.65394198471574,32.5
36.2%,36199819,-441731.65956331324,84844.91818249854,296.06145276612773,340.212148998757,32.5
36.4%,36399818,-441179.7447823547,84936.99126439751,296.3827364796559,338.2413150845406,32.5
36.6%,36599817,-440491.717741522,85547.8138196214,298.51416658714817,341.05167642141413,32.5
36.8%,36799816,-441354.37675348297,85448.47377049155,298.1675252102306,341.1254535689869,32.5
37.0%,36999815,-441775.97957764985,86020.86720904429,300.1648591295964,340.0436928317275,32.5
37.2%,37199814,-440857.03401162755,84149.43106707186,293.6345905546462,341.29858621619087,32.5
37.4%,37399813,-442080.21914904006,85487.42758637489,298.303452306022,339.8094618764155,32.5
37.6%,37599812,-441937.0269748685,85506.01080940163,298.36829739190614,340.2724217748144,32.5
37.8%,37799811,-442487.0092164739,86176.88917522004,300.7092887897213,338.745817929236,32.5
38.0%,37999810,-441956.9705785229,85263.64804610709,297.5225864956677,338.81042259119977,32.5
38.2%,38199809,-441739.2364157862,85413.07174746552,298.04399189094096,341.34576737954626,32.5
38.4%,38399808,-440400.95554353157,85186.63097338978,297.2538398585687,339.8508896063266,32.5
38.6%,38599807,-441812.177305405,85477.37115112937,298.26836095474,340.3275271943924,32.5
38.8%,38799806,-440835.9970416501,86005.0133876095,300.1095381332843,340.08028761302484,32.5
39.0%,38999805,-441118.05159349367,85050.16063171075,296.7776344654529,340.1307302618964,32.5
39.2%,39199804,-441854.2994231484,84502.29074039252,294.8658740509799,339.3261194707249,32.5
39.4%,39399803,-441575.9699505288,85870.36545842653,299.63969194355593,339.80933593141054,32.5
39.6%,39599802,-441068.2029549754,85867.75080408945,299.63056825791745,341.70822421304536,32.5
39.8%,39799801,-440762.8522488335,85071.42867449077,296.8518480751519,341.56538623686384,32.5
40.0%,39999800,-441654.49095719866,84520.10430363135,294.92803345338615,339.8649711203544,32.5
40.2%,40199799,-441382.9498770642,85392.10498142423,297.9708295690604,340.3042687742587,32.5
40.4%,40399798,-441904.9359058491,86329.9965166729,301.2435480348324,339.05033321137824,32.5
40.6%,40599797,-442139.1994520407,85210.30636105116,297.33645375950687,340.85682050206657,32.5
40.8%,40799796,-441414.3842566055,85868.92475344684,299.6346646865507,340.6103795772764,32.5
41.0%,40999795,-441790.28599140095,84547.46815595485,295.02351803921306,340.78386256773604,32.5
41.2%,41199794,-441756.94548558444,84881.68122918424,296.18973529904815,341.31261986694335,32.5
41.4%,41399793,-441580.4775190265,84477.01156818622,294.77766383629125,339.76886675103475,32.5
41.6%,41599792,-440517.007093173,85616.90445180621,298.7552543667742,340.9861013585935,32.5
41.8%,41799791,-441792.0647287443,84250.62697112432,293.9877078303716,340.148342731648,32.5
42.0%,41999790,-442308.3895506696,85417.00275729224,298.0577089232048,339.90056374486977,32.5
42.2%,42199789,-441388.9978435938,85132.24805946404,297.064073814268,339.27544957950147,32.5
42.4%,42399788,-441113.97355157556,85630.01968245354,298.8010192083462,341.01118908535483,32.5
42.6%,42599787,-440899.6602865197,86166.62015202455,300.67345562503834,340.8037302990746,32.5
42.8%,42799786,-440542.014986692,85566.3897658888,298.5789862811999,338.94022426882276,32.5
43.0%,42999785,-442481.10114042787,84612.33834844944,295.24987883774503,340.37894456537794,32.5
43.2%,43199784,-440746.6571664959,86154.15390310367,300.6299553678029,340.7647129643896,32.5
43.4%,43399783,-440003.92708121566,85653.47013944079,298.8828482266586,341.57335138929005,32.5
43.6%,43599782,-441384.7476046579,85333.49810037599,297.766324234894,340.8689712025175,32.5
43.8%,43799781,-441797.42939653154,86009.16094966826,300.12401081208293,341.4341128760058,32.5
44.0%,43999780,-442019.28707979154,85684.00483440427,298.9893972851563,339.6221094023674,32.5
44.2%,44199779,-441834.19564653374,85539.23953456181,298.48424711353033,340.3246363194741,32.5
44.4%,44399778,-441521.80291546136,85720.187077793,299.1156531384411,338.6609369565569,32.5
44.6%,44599777,-442565.80836428795,85079.4634567541,296.8798849848514,340.0706363490071,32.5
44.8%,44799776,-441132.35544006014,85771.83263710828,299.29586734157,341.44584610915814,32.5
45.0%,44999775,-442137.1627895953,86071.11008387612,300.3401787460508,339.425904312778,32.5
45.2%,45199774,-441154.00215592375,85403.84554620774,298.01179759331643,339.2356173999495,32.5
45.4%,45399773,-442019.54528682353,85738.43399853073,299.17932471686726,339.67969306918997,32.5
45.6%,45599772,-441713.05385424756,85045.97390188242,296.7630251129793,340.11069599616616,32.5
45.8%,45799771,-440518.60034017265,85924.43483868398,299.8283639301887,340.81320567068946,32.5
46.0%,45999770,-443050.4503274523,85198.32346062608,297.2946401189943,339.7927779366502,32.5
46.2%,46199769,-441294.04049084336,84822.88896634057,295.98458308578927,341.4958219991322,32.5
46.4%,46399768,-441703.24873406766,85572.9100625352,298.6017384806121,340.1193731053264,32.5
46.6%,46599767,-441467.58852180745,85608.2236989584,298.72496337994454,339.1242479443746,32.5
46.8%,46799766,-441135.218519391,85978.84376049286,300.0182207274989,339.20173640004094,32.5
47.0%,46999765,-442213.4065936175,85140.18974169416,297.0917858567666,340.92290051209056,32.5
47.2%,47199764,-442165.5213331054,84886.91379840393,296.20799404781076,340.2142329220832,32.5
47.4%,47399763,-441449.62375650136,85592.8734546279,298.6713995869189,341.2843605274083,32.5
47.6%,47599762,-441956.40629782015,85067.53178316861,296.83825009744356,339.64263892342086,32.5
47.8%,47799761,-441130.8088258356,85129.61781801446,297.05489573829874,339.93291153341056,32.5
48.0%,47999760,-440366.2332729688,85596.20429834281,298.6830223741205,339.65017825521227,32.5
48.2%,48199759,-441460.7221157211,85841.08303360711,299.53751260956324,339.33823337349196,32.5
48.4%,48399758,-441368.3900444694,85057.77307676562,296.80419765380077,339.5078823684797,32.5
48.6%,48599757,-440272.9616093165,85246.69681953127,297.4634361673544,339.9285425511139,32.5
48.8%,48799756,-442897.93238104414,84867.43302553662,296.14001701347973,339.2857042967092,32.5
49.0%,48999755,-441768.4950504969,85618.00402314856,298.7590912576099,340.00192432177585,32.5
49.2%,49199754,-440462.2471102271,85139.15786341566,297.08818517697625,340.0409340047432,32.5
49.4%,49399753,-441658.7256332198,85208.87867599813,297.3314719347854,338.55597274354744,32.5
49.6%,49599752,-442408.1023324053,85611.2853532902,298.73564684630594,339.2395050215113,32.5
49.8%,49799751,-440647.179205426,86086.51350079314,300.39392808175296,341.59286204502746,32.5
50.0%,49999750,-440015.5654921457,85366.77503920166,297.8824421953256,341.37287169472455,32.5
50.2%,50199749,-441270.4211115199,85676.32580803544,298.9626017651501,340.30880219422676,32.5
50.4%,50399748,-441225.0273692128,85455.95903615851,298.1936446134332,339.839600620548,32.5
50.6%,50599747,-443131.8201491004,85435.72966655385,298.1230553939255,340.08845515048404,32.5
50.8%,50799746,-441728.9412341062,85262.78352520755,297.5195697998072,339.65677813257287,32.5
51.0%,50999745,-441233.3551052115,85150.8192264752,297.1288768313805,341.0892959939479,32.5
51.2%,51199744,-441090.9033895824,84967.4645574842,296.48907127984273,342.27318234178733,32.5
51.4%,51399743,-441017.1906075189,85522.42845064017,298.42558580493306,339.06915343725564,32.5
51.6%,51599742,-441576.4687318839,85250.5827412539,297.4769958672773,338.03142486248845,32.5
51.8%,51799741,-441610.5648360341,86061.97912946838,300.3083168068209,339.55890226341694,32.5
52.0%,51999740,-441369.26570185414,85137.11493021576,297.0810564793003,339.72359886936067,32.5
52.2%,52199739,-441515.0127456258,85809.04110337837,299.42570414046264,340.4323062969093,32.5
52.4%,52399738,-441910.5681901984,85382.35252090136,297.9367989200564,339.9314389647489,32.5
52.6%,52599737,-441037.45379583444,85799.13678754574,299.3911436011059,340.7968533637944,32.5
52.8%,52799736,-442226.702441704,85396.55249304505,297.9863489045712,339.49809501386676,32.5
53.0%,52999735,-441756.9090491426,84719.39618787309,295.62345099915115,340.0154543312199,32.5
53.2%,53199734,-442329.02744996734,85786.04469928434,299.345459513556,339.09468216762514,32.5
53.4%,53399733,-441319.8005962954,85664.80105771287,298.9223868130191,341.03856185349235,32.5
53.6%,53599732,-441131.12280786084,85507.29868712428,298.37279136700465,343.96030374606505,32.5
53.8%,53799731,-441725.9814615925,85841.53101388761,299.539075810937,341.2672894843648,32.5
54.0%,53999730,-440567.942107229,85305.77691952974,297.66959277177824,340.87774670027915,32.5
54.2%,54199729,-441448.97448921343,85935.7654132049,299.8679013170493,340.418626040548,32.5
54.4%,54399728,-443068.99015118787,85360.68160011177,297.86117949075896,339.688350626986,32.5
54.6%,54599727,-441147.011076387,85205.97701455548,297.32134675439096,339.9600790900109,32.5
54.8%,54799726,-441979.10495215654,85485.8661325908,298.298003703022,339.3957789021734,32.5
55.0%,54999725,-441137.99072408676,85178.61829576544,297.22588008173324,341.18659551253364,32.5
55.2%,55199724,-441860.68271793006,85551.78996496409,298.5280411171941,339.50118873693896,32.5
55.4%,55399723,-440560.64194433484,84690.65050368459,295.52314459066014,340.4513595963292,32.5
55.6%,55599722,-440338.27160650305,84952.05533896829,296.4353016997956,341.61788942653135,32.5
55.8%,55799721,-440495.0578176365,84562.28904087527,295.0752346630818,340.3660673308348,32.5
56.0%,55999720,-441545.89664553106,84633.8112755944,295.32480737962896,339.7030341659525,32.5
56.2%,56199719,-442278.02772718295,85994.24609564658,300.0719662884504,340.88397392057294,32.5
56.4%,56399718,-441950.3629667843,85608.47014218359,298.7258233293774,339.08130115057946,32.5
56.6%,56599717,-439521.92769179214,85910.72940614528,299.7805396131275,342.5086084193783,32.5
56.8%,56799716,-441333.5990146599,85819.87237814828,299.46349924961453,341.3675555033253,32.5
57.0%,56999715,-442755.0787076694,85208.61012628512,297.3305348460371,339.7137034957419,32.5
57.2%,57199714,-441574.8685855111,85847.97378178212,299.56155747823703,340.29738059952723,32.5
57.4%,57399713,-440893.1906899633,85816.20361358617,299.45069730708946,340.2269357785097,32.5
57.6%,57599712,-442638.17543600174,85349.64289677818,297.82266057158733,339.3063753893706,32.5
57.8%,57799711,-441234.16341180913,85269.95458988985,297.54459281677987,341.7939790868038,32.5
58.0%,57999710,-441164.35633846885,85749.68188089022,299.2185735541957,339.7289960511606,32.5
58.2%,58199709,-441579.99755302863,85210.0991446398,297.33573068978035,340.9678332378247,32.5
58.4%,58399708,-441143.33710190654,84946.9225501517,296.41739112899967,339.7516520039504,32.5
58.6%,58599707,-441465.13881165953,85436.68900416256,298.12640294722877,340.807124645206,32.5
58.8%,58799706,-441987.697027097,85226.03126228822,297.3913248962181,338.81410174734185,32.5
59.0%,58999705,-442439.27467099903,85232.55639452388,297.41409396914037,339.251668181995,32.5
59.2%,59199704,-440938.94160161726,85909.93018214253,299.7777507670255,339.71560476614326,32.5
59.4%,59399703,-441384.16416399507,85407.82982985853,298.0257005215195,337.7485867827384,32.5
59.6%,59599702,-441543.9528445583,84422.22438216915,294.5864871078242,342.3450259057926,32.5
59.8%,59799701,-440918.88431542553,85093.22713373462,296.927912542536,341.22325808813196,32.5
60.0%,59999700,-441588.8795405803,86345.95332883805,301.29922841136323,339.35274083118094,32.5
60.2%,60199699,-441672.67279209895,84367.19052476948,294.3944496337822,341.2765882708066,32.5
60.4%,60399698,-441103.55916027306,85072.87746084941,296.8569035316633,341.05699207620285,32.5
60.6%,60599697,-441466.15912757814,85497.97198654397,298.34024638278555,340.7644030673856,32.5
60.8%,60799696,-440693.7777764052,85910.39962126891,299.77938884780536,340.52853507560957,32.5
61.0%,60999695,-441927.724633344,85483.95666017232,298.291340709052,339.8478891491469,32.5
61.2%,61199694,-441224.7785241618,85994.68261774984,300.0734895071749,340.8047991594506,32.5
61.4%,61399693,-440570.24374124827,86119.87308108131,300.51033441480575,339.08039764475376,32.5
61.6%,61599692,-442848.2061215942,85117.42323620518,297.01234344779425,339.6544408469865,32.5
61.8%,61799691,-440800.6425195886,84787.51071504853,295.8611327165955,340.3724206021764,32.5
62.0%,61999690,-441725.2089583371,84986.16354676592,296.55432032540256,339.5362899348066,32.5
62.2%,62199689,-440412.3222303428,85861.5790997931,299.609032451423,341.64955646646945,32.5
62.4%,62399688,-441055.06385870976,85897.42075047072,299.73409982606915,340.384822727632,32.5
62.6%,62599687,-442869.3401789889,85149.93165542383,297.12577970334354,340.6568150323556,32.5
62.8%,62799686,-441479.3886990128,85797.72506804677,299.3862174872653,339.1555242569043,32.5
63.0%,62999685,-440432.5618773843,84905.76574494061,296.2737768288975,339.5593664976916,32.5
63.2%,63199684,-443381.382606301,85594.50813432166,298.67710370751104,339.56788226108876,32.5
63.4%,63399683,-440971.5798096354,85765.43524460192,299.27354400907205,340.8559734199138,32.5
63.6%,63599682,-440999.1792143821,85254.25432888865,297.48980766075175,340.3666353996217,32.5
63.8%,63799681,-441734.88615455804,85530.41562621377,298.4534565938321,339.31252988032844,32.5
64.0%,63999680,-441816.31183800474,85185.8137428409,297.25098817966176,340.0504182875697,32.5
64.2%,64199679,-442035.39252413716,85865.01220803225,299.62101208478884,339.6448011939464,32.5
64.4%,64399678,-441142.4171206034,85650.43875412905,298.87227038229844,340.2503408132777,32.5
64.6%,64599677,-441174.03012429085,85254.4850176404,297.49061263585736,340.31132181713417,32.6
64.8%,64799676,-442563.1991313519,85204.77434043842,297.3171500923642,340.8173485126562,32.6
65.0%,64999675,-442109.49205850763,84747.33578358538,295.72094460835575,341.3646940756372,32.6
65.2%,65199674,-441324.8185336506,85787.78726322824,299.3515400900221,339.4798868455413,32.6
65.4%,65399673,-441379.71128043206,84898.05474838149,296.2468697507545,339.0659190882831,32.6
65.6%,65599672,-440867.913813218,85253.29590273125,297.4864632879052,340.9613055030583,32.6
65.8%,65799671,-441992.39026904246,84792.8507198487,295.8797663556252,339.86114957861633,32.6
66.0%,65999670,-442038.42134670867,84907.18787947815,296.278739285415,340.19060539808123,32.6
66.2%,66199669,-442156.6523288856,85890.40814244759,299.7096297344775,339.38835245292387,32.6
66.4%,66399668,-441854.7641538647,86084.58692376816,300.3872054022443,339.48841567202567,32.6
66.6%,66599667,-442558.5374601353,85272.19396624865,297.5524069915387,341.71465896051467,32.6
66.8%,66799666,-441785.0795101868,85198.11370384286,297.2939081847866,340.06730842848884,32.6
67.0%,66999665,-440855.80536127,84985.62025074882,296.5524245252586,340.3467489201951,32.6
67.2%,67199664,-441809.8992799404,85433.22011338064,298.1142984527418,340.9636047703767,32.6
67.4%,67399663,-443543.7728877575,86060.51549644474,300.3032095437275,339.48704583528945,32.6
67.6%,67599662,-441886.79284158675,85721.31061717481,299.1195736643693,341.53512906072734,32.6
67.8%,67799661,-441210.15221652295,85379.15690446514,297.9256480006512,341.47809178332415,32.6
68.0%,67999660,-441095.0956478417,85946.58989731761,299.9056727305942,340.4783808728215,32.6
68.2%,68199659,-442138.45605453616,86082.99233183963,300.3816411655989,340.48068310154935,32.6
68.4%,68399658,-441570.9988860958,85773.07103050227,299.30018864395527,339.3928109094992,32.6
68.6%,68599657,-441760.49295360036,84964.08389272392,296.47727464497433,339.9236137636259,32.6
68.8%,68799656,-440882.21441541146,85862.85701832641,299.61349167450425,340.79517491152353,32.6
69.0%,68999655,-441296.60865653725,85811.93444975215,299.4358003059034,340.752626159865,32.6
69.2%,69199654,-442515.58211160824,84884.06998189486,296.1980707139787,340.6975748294839,32.6
69.4%,69399653,-441818.2015786893,86257.83321786555,300.9917383620911,341.13339935267834,32.6
69.6%,69599652,-440710.05377295054,85488.31244791072,298.3065399793607,342.0699740838827,32.6
69.8%,69799651,-441572.35471073305,84814.32204525807,295.9546893083451,338.9261977514231,32.6
70.0%,69999650,-442290.4232452363,85644.76345107256,298.85246673932505,340.4464224787304,32.6
70.2%,70199649,-440976.6199537637,85663.82323386415,298.9189747530466,340.691597336022,32.6
70.4%,70399648,-441667.4531860603,84787.90143898863,295.8624961252688,339.67452734559583,32.6
70.6%,70599647,-441151.8447195771,84829.29382973292,296.0069324875134,340.4588086681682,32.6
70.8%,70799646,-441251.5408556564,85476.23258926114,298.26438800871097,339.68038884763763,32.6
71.0%,70999645,-441880.2053061095,86080.25670409985,300.3720953502429,339.6153244898504,32.6
71.2%,71199644,-440106.6099091517,85271.30983370123,297.54932186196305,340.5352998619559,32.6
71.4%,71399643,-441625.5142794703,84788.42401371166,295.8643196196512,340.8861004778297,32.6
71.6%,71599642,-441105.33433874,86275.26768563467,301.05257493270125,339.08578053032613,32.6
71.8%,71799641,-441482.4868917437,84940.75600378902,296.39587332081754,341.16740180056775,32.6
72.0%,71999640,-440818.4153405805,84982.62644473836,296.54197781170467,341.21834224824846,32.6
72.2%,72199639,-440624.3158339197,85832.84523023898,299.5087672694178,339.16693055441954,32.6
72.4%,72399638,-441923.8054031674,85288.90170716692,297.6107076906809,338.1735060390783,32.6
72.6%,72599637,-441340.1632274203,86631.51405254682,302.2956761011626,339.484639966557,32.6
72.8%,72799636,-441669.37297022576,84717.86230824147,295.6180986145672,340.4543524682496,32.6
73.0%,72999635,-442082.13838725863,85371.35298890196,297.89841668699813,339.3513544139036,32.6
73.2%,73199634,-441753.9046090343,85714.98821691459,299.09751201299287,340.7058684092294,32.6
73.4%,73399633,-441761.8281068164,85830.37711247674,299.500154914713,341.2915964272026,32.6
73.6%,73599632,-441551.6884084563,85821.60180928122,299.4695339998935,340.24698701066495,32.6
73.8%,73799631,-441278.8542813561,85336.80679093866,297.7778697199475,339.7096871867938,32.6
74.0%,73999630,-440723.39830491925,84714.75646144705,295.6072609411541,340.7266116582935,32.6
74.2%,74199629,-441665.5709519214,85670.4775628699,298.94219465065305,339.87204565808094,32.6
74.4%,74399628,-442114.0461181733,85600.96517197648,298.69963516831746,341.4354262018166,32.6
74.6%,74599627,-441435.6933362535,85926.46056749951,299.83543259415677,340.28560100169113,32.6
74.8%,74799626,-440233.49976753304,84890.85534764046,296.22174785673786,339.8635862273953,32.6
75.0%,74999625,-441877.6660972582,84839.68066553882,296.04317675251133,341.3767404790885,32.6
75.2%,75199624,-441704.72788503254,86083.7383879763,300.3842444854959,341.1490297637199,32.6
75.4%,75399623,-441491.43553765817,85435.89169934939,298.1236207980283,340.9578686008404,32.6
75.6%,75599622,-442417.90034424607,85433.86332430295,298.1165429001899,339.38866354477284,32.6
75.8%,75799621,-441414.5539803896,85716.86750276433,299.10406967267073,339.9336734964723,32.6
76.0%,75999620,-440852.2788234139,84507.92656693514,294.88553994293306,339.0944672529178,32.6
76.2%,76199619,-441643.0740873809,84932.59630779689,296.36740053185963,339.400617226382,32.6
76.4%,76399618,-441193.47086508106,85688.41731281791,299.00479437430937,339.69137909170956,32.6
76.6%,76599617,-441254.53844473325,85306.21452501393,297.67111977089803,339.6218951534799,32.6
76.8%,76799616,-441119.5181034305,85289.80204636994,297.6138493724473,339.6839614294139,32.6
77.0%,76999615,-441938.1691351179,85078.24412838367,296.8756302087672,341.3564359367896,32.6
77.2%,77199614,-442203.95162198506,85510.73407146335,298.38477894269005,338.01464891820984,32.6
77.4%,77399613,-442398.6097163451,85694.84713493125,299.02723086805213,339.37543873697894,32.6
77.6%,77599612,-441240.1979214777,85427.87543937791,298.0956485207989,341.84811870173445,32.6
77.8%,77799611,-440339.64349254826,85637.98342842734,298.8288082410068,340.96452038541315,32.6
78.0%,77999610,-441233.0859187087,85547.17789285327,298.5119475573364,341.5084507569222,32.6
78.2%,78199609,-441354.2217989806,85244.3752438823,297.45533516290936,341.5464066626855,32.6
78.4%,78399608,-442586.90009301156,84982.70987491321,296.5422689364921,338.9777324379975,32.6
78.6%,78599607,-443443.0448197718,84629.44160301972,295.3095596589842,339.13108770480216,32.6
78.8%,78799606,-440838.9864425231,85040.20691410627,296.74290154146007,341.10808427564234,32.6
79.0%,78999605,-441303.9434605851,85063.32538000285,296.8235720959928,340.36438943455124,32.6
79.2%,79199604,-441709.92739956826,86427.58584547898,301.5840803740664,339.5020229448726,32.6
79.4%,79399603,-441523.8750934121,85715.47439698686,299.09920851033866,340.7895360298852,32.6
79.6%,79599602,-441622.60385998804,85296.38913447928,297.63683463682054,339.23926578354633,32.6
79.8%,79799601,-441980.99085282534,84702.93448868848,295.5660088484603,339.7864105686437,32.6
80.0%,79999600,-440819.869568537,85331.88801061967,297.76070591947155,339.0998274832842,32.6
80.2%,80199599,-442613.9136660681,84977.80849982705,296.52516587057323,338.5656387631185,32.6
80.4%,80399598,-440741.1706996644,85587.50575831323,298.6526693199451,341.27691991933665,32.6
80.6%,80599597,-441748.56720329355,84727.38646740874,295.6513326191469,341.23389228261345,32.6
80.8%,80799596,-441822.1954967114,84813.85222985694,295.95304991457624,338.912006403473,32.6
81.0%,80999595,-440383.83863116056,85577.29663076007,298.61704515765456,341.3295605739646,32.6
81.2%,81199594,-442666.2870687307,84742.9732026906,295.7057216337194,340.11333835288366,32.6
81.4%,81399593,-441631.21239432413,85537.99227097607,298.47989485912206,339.8498128211964,32.6
81.6%,81599592,-441061.62415181194,85028.1487112217,296.70082513735446,342.6369377524176,32.6
81.8%,81799591,-441921.7826816528,85327.2514589366,297.74452693955715,338.43013472206167,32.6
82.0%,81999590,-441248.146005447,85145.15873517838,297.109124873189,341.4989144068336,32.6
82.2%,82199589,-441503.93034739466,85374.10918377846,297.9080342701925,341.75154702376204,32.6
82.4%,82399588,-441828.75669510756,85026.46070992074,296.69493495408665,339.84284993408437,32.6
82.6%,82599587,-441418.2980449009,85560.22016554628,298.55745781633107,341.21712154447977,32.6
82.8%,82799586,-441061.6849617339,85846.98839059495,299.55811901247307,340.1490933109201,32.6
83.0%,82999585,-441293.50231929915,85239.16586926521,297.4371573503759,339.56871187596226,32.6
83.2%,83199584,-441819.97752285516,85314.79049511533,297.70104512437223,340.41814762739375,32.6
83.4%,83399583,-441106.20229981653,85469.35344267683,298.2403836231194,340.77733425368626,32.6
83.6%,83599582,-441038.6243078057,84596.19874836784,295.1935606333129,340.4147121239902,32.6
83.8%,83799581,-441588.01014380483,85043.0559411456,296.7528430571372,340.9658412367991,32.6
84.0%,83999580,-441991.2703089346,85866.67096423893,299.6268002189854,341.3800373678569,32.6
84.2%,84199579,-441740.95265816106,85252.72407250089,297.4844679192684,341.1926258382052,32.6
84.4%,84399578,-442326.0563835823,84992.00861743724,296.57471636268497,339.05104066537234,32.6
84.6%,84599577,-440901.3328732182,85338.05523783597,297.78222610345324,341.60815957501205,32.6
84.8%,84799576,-441666.68063496193,85684.36549530819,298.99065579059726,340.36641143874635,32.6
85.0%,84999575,-441439.04921482876,85634.80098464713,298.81770328682575,339.56135336156365,32.6
85.2%,85199574,-440908.11480506556,85624.50322053664,298.7817698323761,340.17982412329525,32.6
85.4%,85399573,-441961.3429654818,84420.01123524614,294.5787644591701,340.7353548654728,32.6
85.6%,85599572,-442167.55262082955,85012.69534960843,296.64690152251285,338.66098294220546,32.6
85.8%,85799571,-441595.16069280263,85459.08348082565,298.20454718305143,339.77936556592937,32.6
86.0%,85999570,-442271.4506668956,85173.58773641719,297.2083262347761,340.2450557804101,32.6
86.2%,86199569,-440677.17538156034,84966.40029998432,296.48535761462534,340.8013443965299,32.6
86.4%,86399568,-441738.9220456253,86082.75289323204,300.3808056583755,339.75794437905085,32.6
86.6%,86599567,-441571.2404525294,85166.46664684097,297.1834776030563,340.7120540373687,32.6
86.8%,86799566,-442127.1766103166,85219.92607025069,297.37002118041795,340.4458917103071,32.6
87.0%,86999565,-441096.216620015,85120.58437566098,297.023374061763,340.0457318004661,32.6
87.2%,87199564,-439523.8916668305,85053.6903404383,296.7899511806564,340.7079128891587,32.6
87.4%,87399563,-441531.4843797269,86070.22927621042,300.33710521845836,340.3579385496074,32.6
87.6%,87599562,-442008.6129361219,86196.2568908584,300.7768713173669,339.37493407714703,32.6
87.8%,87799561,-441644.79169733776,85411.22492478229,298.03754750961184,341.11912824242773,32.6
88.0%,87999560,-441588.19986495795,84874.7123987315,296.1654179667657,341.54988871212606,32.6
88.2%,88199559,-440873.4083209061,85388.93874424708,297.9597811668868,341.12045467652376,32.6
88.4%,88399558,-442536.4398848014,84622.95391428424,295.2869212429981,341.0758738102031,32.6
88.6%,88599557,-441094.4643951575,85967.15364995098,299.9774287604116,340.79517811263605,32.6
88.8%,88799556,-441715.9657473196,85386.45618471922,297.95111841847313,340.5975142674127,32.6
89.0%,88999555,-441903.2490034327,84599.25731560693,295.20423332744224,340.29652678879046,32.6
89.2%,89199554,-441651.7679450563,86316.3599588616,301.1959640521635,340.82623024906366,32.6
89.4%,89399553,-441186.4880700251,84037.14737089572,293.24278306724483,341.028673941452,32.6
89.6%,89599552,-440691.8343379521,85974.13438634155,300.001787637778,340.1846222014142,32.6
89.8%,89799551,-442375.0463040266,84480.28969214245,294.78910266093294,340.07253441008135,32.6
90.0%,89999550,-441613.77209256915,84891.81001764373,296.2250791227009,339.447964839973,32.6
90.2%,90199549,-440881.7328457958,85387.72722744133,297.9555536488074,339.37573192292615,32.6
90.4%,90399548,-442295.1547187227,85729.20429793035,299.14711820848845,339.83923135600304,32.6
90.6%,90599547,-441141.28323020414,85344.45451042044,297.80455599637537,341.37798813362156,32.6
90.8%,90799546,-442644.1947821211,85810.76926817745,299.43173447194266,340.482461450448,32.6
91.0%,90999545,-440843.03242803784,85176.02161467943,297.21681911271867,341.5367821047287,32.6
91.2%,91199544,-442771.40273897815,85647.04497486813,298.8604279851357,340.64693562237335,32.6
91.4%,91399543,-441452.6181339654,85216.24957816744,297.35719227315315,339.55053963742745,32.6
91.6%,91599542,-441199.5521439952,86093.35403793241,300.41779774191104,339.4432526992557,32.6
91.8%,91799541,-442088.1825748496,84882.99394127377,296.19431593223885,340.09043431182346,32.6
92.0%,91999540,-441309.13188248733,86423.12305992545,301.5685077410476,341.8785023399812,32.6
92.2%,92199539,-441217.81701946026,85591.55933440471,298.66681404012695,340.58152732800244,32.6
92.4%,92399538,-441779.7644756315,85468.25111732527,298.23653712232715,340.3531940994473,32.6
92.6%,92599537,-442286.2551318463,85256.04965512177,297.4960723481856,340.5518356677617,32.6
92.8%,92799536,-440809.62760346476,86321.76735758048,301.2148328583889,340.315659248071,32.6
93.0%,92999535,-441171.9743978586,86084.55094649372,300.38707986161836,341.3080364022854,32.6
93.2%,93199534,-440391.54001288116,85362.89724130335,297.86891084301953,341.45622683787104,32.6
93.4%,93399533,-440632.58354611276,85327.51866548468,297.7454593414088,338.4222068781354,32.6
93.6%,93599532,-441638.8816919355,84955.16222774412,296.4461430091428,339.6661263750017,32.6
93.8%,93799531,-441268.6835514526,84797.30811360861,295.8953201742908,341.6318745412911,32.6
94.0%,93999530,-441236.52393803373,85706.73477434565,299.06871210075735,340.37140867318186,32.6
94.2%,94199529,-443269.5179216261,85457.57581249849,298.199286261304,340.4117767652025,32.6
94.4%,94399528,-442489.06666068034,85405.60272571862,298.0179291699613,340.7197620936539,32.6
94.6%,94599527,-442276.207346024,85211.6565381395,297.341165124652,339.7720359866208,32.6
94.8%,94799526,-442386.0318635148,85247.92756383074,297.4677307786652,339.7799671904622,32.6
95.0%,94999525,-442038.7799772215,85083.35399985255,296.89346081079884,340.15381453295737,32.6
95.2%,95199524,-442086.38828630233,85618.00652087247,298.7590999732736,340.708446915213,32.6
95.4%,95399523,-441727.9233854478,85647.261974809,298.86118519392465,339.9738715254394,32.6
95.6%,95599522,-442965.9249204993,84822.23416315198,295.98229818779606,338.5248904225586,32.6
95.8%,95799521,-441633.89004953206,85936.59591921375,299.8707993199088,339.05750701505525,32.6
96.0%,95999520,-441274.69734889595,84932.09332234171,296.36564539309853,340.79787232763294,32.6
96.2%,96199519,-441431.69148597354,85158.56305094034,297.1558984606098,339.4998134405009,32.6
96.4%,96399518,-440742.84887128044,85275.91155439673,297.5653793011535,340.4778723497811,32.6
96.6%,96599517,-440853.57533733174,85245.91069630324,297.460693035651,340.30419623754244,32.5
96.8%,96799516,-441180.194965316,85670.49238422656,298.942246368923,340.40356985769347,32.5
97.0%,96999515,-442636.4210240436,85570.33396038983,298.59274932062505,341.1580356597582,32.5
97.2%,97199514,-440498.2188502238,85521.44962406205,298.42217024599404,340.67597678127663,32.5
97.4%,97399513,-441793.3255158751,86216.82946926763,300.8486581442205,340.85665230028457,32.5
97.6%,97599512,-441924.351025091,84759.68503395608,295.76403660589244,341.8635288324814,32.5
97.8%,97799511,-441225.1254386618,84886.00001362775,296.2048054484916,339.157599974391,32.5
98.0%,97999510,-442245.8633405953,86279.84315296126,301.0685407622738,340.613681839735,32.5
98.2%,98199509,-441215.8498877343,85402.06844425929,298.0055964984737,339.88714731072207,32.5
98.4%,98399508,-441809.151959002,85551.52975891455,298.52713314317873,340.943406100211,32.5
98.6%,98599507,-441805.16752413195,84949.2468552328,296.4255016576409,339.28803172030723,32.5
98.8%,98799506,-441889.8756700475,85862.22030416387,299.61126989712506,340.37507712143747,32.5
99.0%,98999505,-441161.182971037,85251.16962278419,297.4790437565579,341.314603837149,32.5
99.2%,99199504,-441837.7753412435,85465.34577578545,298.22639910044575,340.03649182616704,32.5
99.4%,99399503,-442246.3538393816,85630.45407793263,298.8025350063382,340.06347960462045,32.5
99.6%,99599502,-442249.13390363427,84184.602902348,293.75732064704727,339.62653214941463,32.5
99.8%,99799501,-441428.85002132365,85081.22478609765,296.8860310420982,339.96574986124205,32.5
100.0%,99999500,-441607.8605893706,85348.92406390619,297.82015224570364,340.04274685636136,32.5
