#"Progress (%)","Step","Potential Energy (kJ/mole)","Kinetic Energy (kJ/mole)","Temperature (K)","Box Volume (nm^3)","Speed (ns/day)"
0.2%,199999,-441260.1446925546,85603.78490327601,298.7094744581987,340.98410778242925,0
0.4%,399998,-441356.14391309395,85968.10201783333,299.98073803548687,340.9644538513175,32.8
0.6%,599997,-441926.24991402635,85699.73346415034,299.0442814322849,340.6710705935317,32.7
0.8%,799996,-440320.3052376122,85843.1249993972,299.5446379315184,341.25559711719984,32.7
1.0%,999995,-440724.976229778,85773.87053699349,299.3029784757844,340.0048851657289,32.7
1.2%,1199994,-440750.5074717561,85915.82022826001,299.79830374353554,339.66600393821324,32.7
1.4%,1399993,-441656.654879177,85384.77050837572,297.9452363480104,339.5447744291319,32.7
1.6%,1599992,-441417.7355843289,85405.00128774479,298.0158304868098,340.23955490618556,32.7
1.8%,1799991,-441317.8981575477,84840.70246061531,296.0467422475493,339.7027967182879,32.7
2.0%,1999990,-441950.17504281923,85981.2640292173,300.0266661157436,341.4943060841173,32.6
2.2%,2199989,-441145.118445511,85020.04736916657,296.67255597109704,338.49471228923505,32.6
2.4%,2399988,-441368.8944942658,85149.0546304672,297.1227193752964,340.7272136979659,32.6
2.6%,2599987,-441527.31846228335,85008.90001239907,296.633657912029,340.02970691148096,32.6
2.8%,2799986,-441168.9713418884,85417.37377497932,298.05900356804375,340.97198020680804,32.6
3.0%,2999985,-441162.26441382477,85141.83278143028,297.09751914924476,341.00472266307366,32.5
3.2%,3199984,-442081.4909574217,85542.10310181754,298.4942393664546,340.3569016016861,32.5
3.4%,3399983,-440840.32724047406,85901.03585494694,299.74671452481664,342.00653526828216,32.5
3.6%,3599982,-441435.1508275517,85495.32475084811,298.33100900637316,340.3711107737589,32.5
3.8%,3799981,-441684.8509453535,85406.23570346413,298.0201379093286,340.00492991132444,32.5
4.0%,3999980,-441054.22864314215,85509.39155036747,298.3800942926895,341.10931925159105,32.5
4.2%,4199979,-441092.93637140514,85156.18651061086,297.1476056600794,340.464069091136,32.5
4.4%,4399978,-439791.1478042132,84981.7722224351,296.53899705220243,340.0172234992121,32.5
4.6%,4599977,-442068.85190368164,85941.95585099794,299.889502493001,340.3788242262252,32.5
4.8%,4799976,-441572.9002762181,85651.84185592073,298.8771664251461,341.2009244264535,32.5
5.0%,4999975,-440748.08942991914,85617.93696582946,298.75885726495915,340.16413576323,32.5
5.2%,5199974,-442448.7886096048,85790.04892853886,299.3594320407939,339.75926960931065,32.5
5.4%,5399973,-441961.99080018606,84853.00882053922,296.08968458134353,341.3450721774688,32.5
5.6%,5599972,-441421.2523992802,85592.74636780715,298.67095612478136,339.64717561119136,32.5
5.8%,5799971,-441286.41481642984,84679.83402898803,295.4854011255114,340.2900952026748,32.5
6.0%,5999970,-442627.85692598065,85679.19703340984,298.97262074063826,339.3171094651391,32.5
6.2%,6199969,-442417.0283235824,84534.72187308568,294.97904061965215,340.76532023657114,32.5
6.4%,6399968,-440988.4608587874,85283.32125468756,297.59123502333057,339.51638215299334,32.5
6.6%,6599967,-440237.32501730416,85204.59106131713,297.316510550432,340.4224853728935,32.5
6.8%,6799966,-439910.2106202026,85353.81595665682,297.83722222355914,341.74673552541987,32.5
7.0%,6999965,-440014.8273577187,85689.49467849603,299.00855377975944,342.4448155720431,32.5
7.2%,7199964,-440766.44316502707,85243.28266055149,297.45152265633715,341.55095234746517,32.5
7.4%,7399963,-440317.5472876774,85893.8163353802,299.721522427317,340.624110829943,32.5
7.6%,7599962,-440766.2555236523,85612.76567482739,298.7408123430057,341.0259116039259,32.5
7.8%,7799961,-442445.6957088993,85396.92418694726,297.98764590902385,339.5579807708056,32.5
8.0%,7999960,-441011.3477057847,85633.83566223679,298.814334849902,341.3281218171276,32.5
8.2%,8199959,-440854.945641933,85340.87344751452,297.7920600837258,340.6006883059834,32.5
8.4%,8399958,-441692.6786092669,85004.52656607621,296.61839702310743,339.8158323712292,32.5
8.6%,8599957,-441623.30620721774,86339.43183831024,301.27647204597065,342.00988332145675,32.5
8.8%,8799956,-441308.3181212563,85082.08057171182,296.88901725668376,340.0297605696258,32.4
9.0%,8999955,-441976.7889480605,84865.67720409774,296.1338901757489,341.5357471162138,32.4
9.2%,9199954,-440462.0764912851,84435.87753010931,294.6341289807918,342.3651795172798,32.4
9.4%,9399953,-441828.59175579296,85536.22723459709,298.4737358663887,340.5381646842736,32.4
9.6%,9599952,-440892.9400992724,85905.44797900715,299.76211037747385,340.8582992658778,32.4
9.8%,9799951,-442199.0925679528,85465.27031061728,298.2261357690902,341.368577845972,32.4
10.0%,9999950,-441024.8444969305,86142.26880872296,300.58848301584607,342.701599564486,32.5
10.2%,10199949,-440721.5880487268,85396.80385888153,297.98722603117244,339.41802464985756,32.5
10.4%,10399948,-440972.1403946411,84498.29901735426,294.85194516346303,338.37438868542745,32.5
10.6%,10599947,-442619.2568465322,84359.51624922064,294.36767069148857,339.9607443553993,32.5
10.8%,10799946,-441574.22626954224,85613.74984900071,298.74424656207,342.3811667826078,32.5
11.0%,10999945,-441352.8334285533,85618.05046801374,298.75925332429057,339.8307901831511,32.5
11.2%,11199944,-441414.9092447967,85756.32987898501,299.2417713604532,340.40920267857524,32.5
11.4%,11399943,-440957.5812932714,85840.21480100031,299.53448296191414,340.87550349783936,32.5
11.6%,11599942,-440682.9668918364,85889.46026021754,299.70632215405794,340.4198241723953,32.5
11.8%,11799941,-441644.653713224,85134.94237027364,297.07347545657706,339.7215553223775,32.5
12.0%,11999940,-441702.68822851684,85020.70018504618,296.6748339344901,340.52294065947086,32.5
12.2%,12199939,-441699.83699172456,85951.04433766857,299.9212162435095,339.94813967924773,32.5
12.4%,12399938,-440477.2913157819,85425.89275727188,298.088730065843,342.3309159726796,32.5
12.6%,12599937,-441451.9817914199,85596.21582716459,298.6830626032798,340.0433444829301,32.5
12.8%,12799936,-440408.6619431912,85447.77866415156,298.16509967671306,339.93635268176445,32.5
13.0%,12999935,-441689.7637095847,85209.18479932129,297.332540134481,340.2745119635413,32.5
13.2%,13199934,-442583.2738997149,85589.92110173329,298.661097521624,338.89975167535744,32.5
13.4%,13399933,-441490.854094435,85762.65309068433,299.26383584329966,339.67045941342315,32.5
13.6%,13599932,-441163.0619106232,85095.47331208468,296.9357504524514,340.97742786791133,32.5
13.8%,13799931,-441478.7080804226,85448.28938838886,298.1668818195084,340.6776777864536,32.5
14.0%,13999930,-440824.44389400445,84954.51325823506,296.44387846743814,342.5459371726372,32.5
14.2%,14199929,-440799.82534223003,85166.42963816866,297.1833484634269,339.8713555170763,32.5
14.4%,14399928,-441628.7192177484,86425.82378838619,301.57793177738046,339.57390612885945,32.5
14.6%,14599927,-441983.2891704147,84918.15476406025,296.31700759719195,338.936443524487,32.5
14.8%,14799926,-442273.13417242793,86128.85444168025,300.54167435506025,340.49202362244023,32.5
15.0%,14999925,-441384.4522908991,85577.43682226009,298.61753434781525,340.73783141100404,32.5
15.2%,15199924,-440375.32199920435,85291.06656142237,297.61826182485447,341.1737207889144,32.5
15.4%,15399923,-440758.9706756803,85233.75480911403,297.41827576779343,340.1631522641946,32.5
15.6%,15599922,-441532.7876752983,86649.73875578656,302.3592701529098,341.29800545519976,32.5
15.8%,15799921,-441950.6162553872,85685.25534554047,298.9937608717047,339.4724026084287,32.5
16.0%,15999920,-441272.96069515776,84850.1636584982,296.0797565523553,339.7715098241809,32.5
16.2%,16199919,-441150.5700207087,85508.1546969614,298.3757783640033,341.928113745483,32.5
16.4%,16399918,-442085.6708189859,85706.41647611518,299.0676014174242,339.36586191714105,32.5
16.6%,16599917,-440712.0635308367,84841.51920389186,296.0495922261476,340.7400054966876,32.5
16.8%,16799916,-442327.4360917201,84450.95207087777,294.6867307221252,339.6183403956853,32.5
17.0%,16999915,-441305.21357599134,86028.93742190627,300.1930196723282,340.183954770607,32.5
17.2%,17199914,-442305.32441337314,85230.81655538347,297.40802290071906,340.7777904143289,32.5
17.4%,17399913,-442253.5274684606,85353.70919339113,297.8368496792958,339.80029787391595,32.5
17.6%,17599912,-440682.9829717842,85970.34118501806,299.9885514803448,340.5750629720834,32.5
17.8%,17799911,-442311.281082863,85644.05265224466,298.8499864477752,340.2323873577588,32.5
18.0%,17999910,-441459.52057222696,85570.65611742785,298.5938734690447,339.6443226852635,32.5
18.2%,18199909,-440323.0384349255,85978.32443301281,300.0164085641838,341.1394401254236,32.5
18.4%,18399908,-441093.449082043,85644.7798270823,298.8525238824674,341.51032941380765,32.5
18.6%,18599907,-441642.15287604416,85164.4893991669,297.17657811123746,341.5970430080766,32.5
18.8%,18799906,-440415.9289298374,84202.26271498704,293.8189435455956,342.1097628600685,32.5
19.0%,18999905,-442170.4387676311,85690.70898193281,299.0127910216272,340.0697859700052,32.5
19.2%,19199904,-441794.6724323998,85478.16310025298,298.2711244155703,339.38520126288296,32.5
19.4%,19399903,-440957.61683763284,85285.18139823258,297.5977258870392,339.4331090148458,32.5
19.6%,19599902,-441392.6270421287,85252.25450102589,297.4828293766657,342.33717943208717,32.5
19.8%,19799901,-442266.32644610526,85656.67672534898,298.8940374234041,340.06779064655456,32.5
20.0%,19999900,-441439.72246539686,84714.96701188653,295.60799564477963,339.37735893381216,32.5
20.2%,20199899,-440913.5135639128,85648.02100913308,298.8638338004588,341.0642098963301,32.5
20.4%,20399898,-442426.71226120787,86104.78443742736,300.45768346226606,339.49655482129043,32.5
20.6%,20599897,-441060.4981541955,85526.15768398589,298.4385987497939,340.59239831653196,32.5
20.8%,20799896,-441021.021140086,85768.36441488354,299.28376517997486,340.687461104338,32.5
21.0%,20999895,-441020.81681738514,84696.90401567577,295.5449658603915,339.22549116000164,32.5
21.2%,21199894,-441597.4659255943,85524.7384921062,298.43364656151147,340.0261725110443,32.5
21.4%,21399893,-440812.180164848,84862.05912601948,296.1212651007884,340.82034662058567,32.5
21.6%,21599892,-440791.77419766923,85438.15165712102,298.1315067904412,342.09458988541667,32.5
21.8%,21799891,-440370.8999358569,85364.56201656652,297.8747199803669,341.5776614342723,32.5
22.0%,21999890,-441081.8807311221,85507.41175507603,298.3731859111067,340.45312830065444,32.5
22.2%,22199889,-440294.8289618348,86002.59496767772,300.101099196295,341.8869200167375,32.5
22.4%,22399888,-441513.6204026756,85169.67810861673,297.1946838138607,340.65204206687264,32.5
22.6%,22599887,-441468.4494154649,85457.14476381082,298.1977821417478,340.6198275894432,32.4
22.8%,22799886,-441095.3941697916,85219.61325275467,297.3689296217919,340.6482888257215,32.4
23.0%,22999885,-441530.2465150384,85225.24508339405,297.38858157027084,341.9199209634447,32.4
23.2%,23199884,-440840.62255588546,85362.61055087205,297.8679104532802,339.21676277607617,32.4
23.4%,23399883,-441831.89142648503,85361.5276108305,297.8641315964102,340.3331824665555,32.4
23.6%,23599882,-441203.31187245157,85004.3799108241,296.6178852780563,340.5231546459212,32.4
23.8%,23799881,-440407.6826439416,84688.41607257526,295.5153476720643,340.60274033114956,32.4
24.0%,23999880,-440034.2107630442,85641.9762533143,298.8427409733613,341.6672634458713,32.4
24.2%,24199879,-440319.20807599276,85817.08138986322,299.4537602568259,340.63819733472843,32.4
24.4%,24399878,-443158.82386131724,85523.38373642322,298.42891921962416,339.6359572391549,32.4
24.6%,24599877,-442121.13878049655,85902.13488018529,299.750549510054,340.807129570875,32.4
24.8%,24799876,-441999.9497901532,86307.69398928259,301.1657246506984,339.6161902732702,32.4
25.0%,24999875,-441124.92794714356,85325.7398784794,297.73925236665735,338.91474959819305,32.4
25.2%,25199874,-441634.9459789465,85393.25604188791,297.974846128218,340.9562167675739,32.4
25.4%,25399873,-441572.25181095395,85306.24432886299,297.6712237697119,339.3727593876819,32.4
25.6%,25599872,-441671.15167902363,85590.14947526332,298.6618944178969,339.54527651531214,32.4
25.8%,25799871,-442371.3743350487,85447.40181107365,298.1637846696141,339.45153336466524,32.4
26.0%,25999870,-441660.2618211508,85430.91217292304,298.1062450275113,340.1960429704851,32.4
26.2%,26199869,-441746.7339970297,85405.66534214863,298.0181476663855,340.53544380481827,32.4
26.4%,26399868,-441761.6524082306,85325.68862273425,297.7390735126883,340.29205054433606,32.4
26.6%,26599867,-441547.9118865216,85603.72730651507,298.70927347762046,340.52709746293584,32.4
26.8%,26799866,-441630.6845130143,85966.96170852068,299.9767589918513,340.0901292471648,32.4
27.0%,26999865,-441658.26900326135,85860.16442430172,299.60409602281726,341.69772946900264,32.4
27.2%,27199864,-440036.9139449606,84673.59557932697,295.4636324149129,340.48732645054264,32.4
27.4%,27399863,-440844.89280153066,85600.62945627683,298.6984637077293,340.66824552210204,32.4
27.6%,27599862,-441253.5272805756,85499.865230366,298.3468527480034,340.35117551208793,32.4
27.8%,27799861,-441553.05563072534,85659.81984918058,298.90500517289036,340.3073019639273,32.4
28.0%,27999860,-441624.549714779,84566.72770576781,295.090723128444,340.2885353909627,32.4
28.2%,28199859,-440455.4460474844,85532.0707766164,298.4592321457831,342.0274195110337,32.4
28.4%,28399858,-440771.86085782526,85470.79875639931,298.24542696206703,339.9640454671312,32.4
28.6%,28599857,-441354.4465088798,84948.36578498513,296.42242721378375,342.1069630061759,32.4
28.8%,28799856,-441031.87031337153,84769.2884711891,295.7975472467141,340.57311489107246,32.4
29.0%,28999855,-441221.15486971335,85193.18698782491,297.27671669314645,340.2522709141819,32.4
29.2%,29199854,-441816.49793181755,85181.41559020523,297.2356410794854,340.7503705033252,32.4
29.4%,29399853,-441530.453197808,84488.99853075086,294.8194916514057,341.6089020637938,32.4
29.6%,29599852,-440582.7823189362,85155.45029184886,297.1450366671344,340.1928146687815,32.4
29.8%,29799851,-442029.07846866036,85583.93938408792,298.6402246626,340.02813248877646,32.4
30.0%,29999850,-441045.27161547216,85560.34494614368,298.55789323103517,341.0035830327968,32.4
30.2%,30199849,-440375.60466419114,85189.58814087696,297.264158724107,340.3192746860611,32.4
30.4%,30399848,-441238.5839977842,85180.46623784199,297.2323283691208,340.9343834085274,32.4
30.6%,30599847,-440759.9178021969,84927.4142011095,296.3493178691955,340.60508346439116,32.4
30.8%,30799846,-442204.86056579975,84987.87187451497,296.56028143663957,340.5943855806693,32.4
31.0%,30999845,-442533.01578311156,85697.20570724149,299.0354609702148,341.0440720934633,32.4
31.2%,31199844,-442177.63837114535,86003.37577256875,300.10382376996796,340.84671461219096,32.4
31.4%,31399843,-441317.5364467213,86200.09066721308,300.7902490590332,340.428568308421,32.4
31.6%,31599842,-442612.2360153375,85091.83938998694,296.9230700906979,341.5639944102606,32.4
31.8%,31799841,-442606.1311006821,85134.11716804735,297.0705959609612,340.29540833910323,32.4
32.0%,31999840,-441263.9021631107,85661.08142023219,298.90940735237626,340.4497477644666,32.4
32.2%,32199839,-442001.5919324709,85397.17722363478,297.98852886596353,340.1440594914699,32.4
32.4%,32399838,-441546.40092215734,85950.17582182726,299.91818560752984,340.2332003271776,32.4
32.6%,32599837,-441241.1097227023,85876.65606915066,299.66164266717817,339.5714730916174,32.4
32.8%,32799836,-441464.8221394187,86049.67127166758,300.26536924627163,340.50181090198157,32.4
33.0%,32999835,-440791.9711065884,85359.55372355817,297.8572438305196,340.3206234616993,32.4
33.2%,33199834,-441070.86497709854,85891.6690602072,299.71402963433866,340.278251515945,32.4
33.4%,33399833,-442062.2524608332,85309.2220590305,297.68161438753816,340.98683433072034,32.4
33.6%,33599832,-440505.6797027448,85789.86292254378,299.35878298359273,341.23587311940554,32.4
33.8%,33799831,-441432.2886887477,85891.1838520579,299.71233652846206,339.9950594237563,32.4
34.0%,33999830,-442508.58160157874,85073.15612573444,296.85787591672147,339.3994392973151,32.4
34.2%,34199829,-440346.2001158232,86026.50156967492,300.1845199063341,341.58954166027183,32.4
34.4%,34399828,-440720.42363770446,85527.8160000809,298.4443853482462,339.75769427747025,32.4
34.6%,34599827,-441120.22263169754,85445.18714352499,298.1560567148244,340.43863300175053,32.4
34.8%,34799826,-440797.4429007992,84568.64598739603,295.0974168616437,341.7495517948036,32.4
35.0%,34999825,-441257.58494476415,85078.75251966622,296.87740421085135,339.59497770326345,32.4
35.2%,35199824,-441182.3375779339,84572.59924466047,295.1112115250595,341.98499395131176,32.4
35.4%,35399823,-440751.398511271,85843.92006662593,299.5474122727969,340.1351514769241,32.4
35.6%,35599822,-441838.2981156036,85823.5053293067,299.47617622333115,339.9345957588191,32.4
35.8%,35799821,-441465.5973219066,85265.46846183081,297.5289387314332,340.69517220701243,32.4
36.0%,35999820,-442224.6622739369,85411.08737464086,298.03706753631974,340.25110439232094,32.4
36.2%,36199819,-440923.7238517287,84884.8265828857,296.2007108295368,341.14966856061795,32.4
36.4%,36399818,-440410.3415494673,85651.09035421003,298.8745441032322,339.652803725084,32.4
36.6%,36599817,-440580.39192944346,85418.6889348327,298.0635927425654,340.0574853278789,32.4
36.8%,36799816,-440523.5023802463,84657.91491520152,295.40891564105345,341.1649484808542,32.4
37.0%,36999815,-441765.49860868044,85600.73106140457,298.6988182529675,339.5496806593985,32.4
37.2%,37199814,-441425.2502690796,85673.50103373034,298.9527448779915,339.66713480718244,32.4
37.4%,37399813,-441373.3253893298,85536.28299530316,298.47393044015934,340.6196738266376,32.4
37.6%,37599812,-441705.3284756099,85465.58117218979,298.2272205026338,340.5008111814132,32.4
37.8%,37799811,-440475.85297968285,85385.45923609566,297.94763962370087,340.9313808587958,32.4
38.0%,37999810,-442659.21738538705,84817.21089146961,295.96476977072905,339.4565434023635,32.4
38.2%,38199809,-440216.33617289085,85637.58138402493,298.82740533023264,342.0648149078459,32.4
38.4%,38399808,-439834.30302518373,85660.94027612242,298.90891483813874,340.82068484888566,32.4
38.6%,38599807,-441270.9958055001,85345.41294280963,297.80790039096735,341.4037494861934,32.4
38.8%,38799806,-441057.76283861883,84998.07091416497,296.5958703977734,340.55061934116213,32.4
39.0%,38999805,-442655.1026760661,85477.39449592447,298.2684424150572,340.2604941545241,32.4
39.2%,39199804,-441138.3939491315,84840.33532958082,296.04546116496056,341.9561298167748,32.4
39.4%,39399803,-440996.33615747606,85637.94198075647,298.82866361174774,341.76651824407264,32.4
39.6%,39599802,-442251.4520076872,85185.2104177812,297.24888291163285,339.65508671333066,32.4
39.8%,39799801,-441422.9218104235,84379.22619889362,294.4364474250765,341.8323931122956,32.4
40.0%,39999800,-441501.48678043997,85031.82246021193,296.7136444727542,341.54402838090715,32.4
40.2%,40199799,-442365.47749442374,84541.48156632762,295.00262817968917,340.91168647438434,32.4
40.4%,40399798,-442058.6542851138,84742.6648280537,295.7046455781942,340.68617458593764,32.4
40.6%,40599797,-441871.38745771116,84750.37195225467,295.7315391439665,341.42093613744345,32.4
40.8%,40799796,-440991.96460457426,85084.7330897986,296.8982730656948,340.7161374115006,32.4
41.0%,40999795,-441278.3332851948,85062.34643511492,296.8201561242185,340.8751885224387,32.4
41.2%,41199794,-439857.7023043572,86150.49456659774,300.6171863239366,340.56017343616617,32.4
41.4%,41399793,-441162.98760939436,85974.64977427432,300.00358605426993,339.5906360552755,32.4
41.6%,41599792,-442218.8242676174,85220.32857877424,297.3714257107161,339.8322299093247,32.4
41.8%,41799791,-440902.468473617,85738.33166207548,299.1789676197038,340.8933441963681,32.4
42.0%,41999790,-440789.9422587198,85085.10241312871,296.89956179817284,340.40399665826055,32.4
42.2%,42199789,-443049.8416540008,85097.37720317452,296.9423939706967,339.24117739821367,32.4
42.4%,42399788,-441712.3274290352,84902.77345206833,296.26333539535204,338.50110791589304,32.4
42.6%,42599787,-442402.9939913242,85217.78727968724,297.36255799399567,338.82629290911507,32.4
42.8%,42799786,-442032.5119611849,85495.53671822808,298.3317486543308,340.7876603786184,32.4
43.0%,42999785,-441755.9568719454,84834.21197144245,296.0240940595983,340.0079305612933,32.4
43.2%,43199784,-441121.4010981424,85952.09976401718,299.92489909293346,341.14139392969963,32.4
43.4%,43399783,-441589.10681098606,85620.27627822023,298.7670201607427,342.3404060342202,32.4
43.6%,43599782,-441591.5118217906,85667.86145523877,298.93306589382877,340.1566732665079,32.4
43.8%,43799781,-441327.0081250686,85252.5430726849,297.48383633084075,342.3561460169014,32.4
44.0%,43999780,-440419.2933871704,84952.82200481207,296.4379769360779,339.8567298401277,32.4
44.2%,44199779,-441629.43277990306,85278.65268012631,297.57494430142805,340.9583048860041,32.4
44.4%,44399778,-443777.748973303,85209.26587488782,297.3328230429984,339.80477538915636,32.4
44.6%,44599777,-442026.8146879398,85478.93382518188,298.2738138157963,340.3846919817428,32.4
44.8%,44799776,-442047.9756295127,86173.99435739347,300.69918748973083,338.71202695146343,32.4
45.0%,44999775,-441490.600419329,85158.85041383852,297.15690119688355,340.7539277459563,32.4
45.2%,45199774,-441836.2108513131,85847.58430547675,299.5601984231132,340.7364788821326,32.4
45.4%,45399773,-440678.5096566458,84616.51028914703,295.264436584399,341.8979444812337,32.4
45.6%,45599772,-441022.334007645,84747.38139493894,295.72110376654564,340.3816458447659,32.4
45.8%,45799771,-440753.9773201081,85436.78346822696,298.126732574138,340.89194519201567,32.4
46.0%,45999770,-442180.04114173586,85507.62111556117,298.3739164624551,340.9807139730368,32.4
46.2%,46199769,-441406.05209911475,85041.2500377529,296.74654146131445,341.2957190270891,32.4
46.4%,46399768,-441199.4906975068,85683.7230651842,298.9884140676999,341.26582568975874,32.4
46.6%,46599767,-441996.11327253934,85239.20923715632,297.4373086801328,339.08125331027827,32.4
46.8%,46799766,-441214.59619403817,85518.90590745129,298.4132940934638,340.5966544038471,32.4
47.0%,46999765,-440751.61216382263,85824.89062928366,299.4810101477721,341.66306942181626,32.4
47.2%,47199764,-442089.3804043401,84772.8979243376,295.8101422254792,339.15682266579455,32.4
47.4%,47399763,-441774.96530793887,84767.81479232621,295.79240492924356,341.1906218627994,32.4
47.6%,47599762,-442311.83666628646,85782.87569843352,299.3344014677024,341.40916462698783,32.4
47.8%,47799761,-440238.8289527595,84618.2677161743,295.27056902473805,340.3627353244546,32.4
48.0%,47999760,-441147.7217391422,85388.72502088058,297.95903539151533,340.1629848050085,32.4
48.2%,48199759,-441800.1868994618,85307.99890951722,297.67734627779623,340.6612810946478,32.4
48.4%,48399758,-441938.79868076975,85405.62768441765,298.01801626190326,339.0718017318605,32.4
48.6%,48599757,-441875.1501192688,85605.33075942879,298.71486863416305,340.2136365513255,32.4
48.8%,48799756,-441090.45161781786,85420.57943927846,298.0701895488876,339.8515066402034,32.4
49.0%,48999755,-442127.75039189216,85328.97649646597,297.7505463586097,340.001084031867,32.4
49.2%,49199754,-442181.76834506914,85402.49377571535,298.00708066807977,339.33098923305147,32.4
49.4%,49399753,-441758.76041931845,84788.04590813699,295.86300024203695,340.5115493706851,32.4
49.6%,49599752,-440220.21735533327,85341.57388958323,297.7945042359612,340.7157028510378,32.4
49.8%,49799751,-441789.96629365813,85071.07582759077,296.8506168362274,340.3607897803268,32.4
50.0%,49999750,-442694.87101019453,86515.29407535047,301.8901331879714,339.5893176675803,32.4
50.2%,50199749,-441866.41402739985,84825.85247894324,295.9949240922424,339.79848162261226,32.4
50.4%,50399748,-441269.0138372304,86074.09240698442,300.3505853906793,341.0048139069984,32.4
50.6%,50599747,-442213.61622258555,85394.71194363345,297.97992641346195,340.4357008473307,32.4
50.8%,50799746,-440818.58726861374,86001.12142498026,300.0959573539659,339.8301866855832,32.4
51.0%,50999745,-442055.08010890847,85706.07940087421,299.06642521279497,340.4216823963327,32.4
51.2%,51199744,-441478.50382167613,84731.26332240808,295.66486068126136,341.00639883963424,32.4
51.4%,51399743,-440847.0702979979,85832.81251126481,299.5086530984429,339.5188231598247,32.4
51.6%,51599742,-441005.65240558377,85353.1328274107,297.8348384834205,340.33145190980923,32.4
51.8%,51799741,-441941.5419188142,85413.0185255286,298.043806176059,339.562498179552,32.4
52.0%,51999740,-441308.706099696,85492.1310373036,298.31986472699896,340.0867315679147,32.4
52.2%,52199739,-441762.75635077106,86252.16972966015,300.9719759463597,340.0394799831683,32.4
52.4%,52399738,-442054.2575442968,85011.4075029298,296.6424076557405,340.255788291011,32.4
52.6%,52599737,-443051.9119452429,85044.7148832067,296.758631839862,339.5632785872747,32.4
52.8%,52799736,-442297.6465137531,85211.21850228973,297.33963662379625,340.62818040708913,32.4
53.0%,52999735,-440201.1226263973,85290.91673232801,297.61773900486367,341.50262482623,32.4
53.2%,53199734,-441072.89836978447,84990.37709020457,296.5690232424241,341.7367626662189,32.4
53.4%,53399733,-441610.16666565835,85494.04589860002,298.32654652514793,341.00041021576067,32.4
53.6%,53599732,-441180.1908991346,85893.52720535628,299.72051352475984,340.4830740390753,32.4
53.8%,53799731,-440158.84425139707,84999.09239413717,296.59943479327313,340.7944105766443,32.4
54.0%,53999730,-440435.218181896,86115.74700314109,300.4959367036007,340.399908901273,32.4
54.2%,54199729,-440850.4693230693,84456.80017623135,294.7071373487565,340.28150605962446,32.4
54.4%,54399728,-443320.138224022,85909.10720894567,299.77487904947935,339.54738754639925,32.4
54.6%,54599727,-441346.0384005364,85565.44668457058,298.5756954532855,342.0525182591554,32.4
54.8%,54799726,-440595.69757899083,85036.97001092357,296.73160655433225,341.6693579013409,32.4
55.0%,54999725,-440612.1127182073,85251.97187902557,297.4818431834818,340.91006948881216,32.4
55.2%,55199724,-442068.2756930697,85253.08632413857,297.4857319754832,339.82021931291405,32.4
55.4%,55399723,-442029.58476352086,85564.3529909149,298.57187907229866,340.3815266669779,32.4
55.6%,55599722,-441472.19408588205,85200.55057837209,297.30241151803017,339.7544820826425,32.4
55.8%,55799721,-442240.03877935885,85554.70446295,298.5382110899665,340.78342195553074,32.4
56.0%,55999720,-440664.50797295105,84897.29571261827,296.2442211391986,340.5513872674865,32.4
56.2%,56199719,-441147.8242480345,85530.02967264596,298.4521098310979,339.9108311421817,32.4
56.4%,56399718,-441679.4631621251,85708.3213450982,299.07424834797143,341.6271715753077,32.4
56.6%,56599717,-441794.43884647684,85593.61417522014,298.67398428874117,339.9714396622408,32.4
56.8%,56799716,-441739.3347216416,85949.00648217811,299.914105264208,338.85117758524643,32.4
57.0%,56999715,-440719.54402268725,84626.24269467758,295.29839725266305,340.09256742028026,32.4
57.2%,57199714,-441834.428491062,85496.8853259267,298.336454543181,340.012395571728,32.4
57.4%,57399713,-441871.70426957076,85032.49290083707,296.71598393668114,341.29141211602985,32.4
57.6%,57599712,-441788.49917205796,84783.38086863724,295.8467218555278,339.9422925334978,32.4
57.8%,57799711,-441241.44816722674,85570.82071590523,298.5944478259465,338.794397323226,32.4
58.0%,57999710,-441487.7034455035,84090.91972379538,293.43041859402894,339.8512193688662,32.4
58.2%,58199709,-441582.44797675684,85730.56279001106,299.15185858832024,339.3420160729419,32.4
58.4%,58399708,-442168.76963399816,85997.94100178854,300.0848594505119,340.1160829518603,32.4
58.6%,58599707,-441131.09676835407,85868.74815778784,299.634048466175,339.3382878070489,32.4
58.8%,58799706,-441322.21616821317,85366.10009099595,297.88008700245604,340.4002264300984,32.4
59.0%,58999705,-442153.58847434167,84962.76823843765,296.4726837451576,340.105246270461,32.4
59.2%,59199704,-442231.46512103546,85455.3464631667,298.19150707527814,340.1640269351909,32.4
59.4%,59399703,-442110.931340409,85258.27750601253,297.5038463054878,340.36630022193964,32.4
59.6%,59599702,-442527.2034098655,85150.78316297996,297.12875098989207,339.1845309146732,32.4
59.8%,59799701,-441457.65767077357,85366.98818149546,297.88318594307736,340.1337094085255,32.4
60.0%,59999700,-442569.86672675284,85750.47834510752,299.2213527701853,339.3939331673232,32.4
60.2%,60199699,-439796.21468765195,85286.09689381556,297.6009204561201,342.3032689366343,32.4
60.4%,60399698,-442608.811205131,85752.27557789115,299.22762411041737,341.9295163490571,32.4
60.6%,60599697,-441045.38583248993,86162.59316899342,300.6594036998082,341.77849188084724,32.5
60.8%,60799696,-441983.2407816071,85358.32996499748,297.8529735955418,340.3569293181449,32.5
61.0%,60999695,-442038.9221115117,86048.43483556597,300.26105477374534,340.0920812373362,32.5
61.2%,61199694,-441117.1963087986,85877.94543057063,299.66614181955305,341.4909311849574,32.5
61.4%,61399693,-440932.4937313688,85707.23860421439,299.0704701860509,340.19889207419806,32.5
61.6%,61599692,-441729.65135164466,85099.26413775177,296.9489783201684,339.2318281838393,32.5
61.8%,61799691,-441672.1283815829,85141.83265022651,297.0975186914168,340.2367512045189,32.5
62.0%,61999690,-441456.56160807423,86049.64983804195,300.2652944548701,339.9128185685149,32.5
62.2%,62199689,-440940.2175070504,85270.09094897308,297.54506863394306,339.2997840797108,32.5
62.4%,62399688,-441416.2412751769,85472.56694710511,298.251596961642,340.2189675169324,32.5
62.6%,62599687,-440991.3007544251,85204.91186037462,297.3176299602569,340.4657438739412,32.5
62.8%,62799686,-440516.527732085,85261.73370665975,297.515906518481,339.46668216201135,32.5
63.0%,62999685,-441629.8256747504,85170.7073822529,297.19827540490166,340.71833803941286,32.5
63.2%,63199684,-440102.9098462276,86112.48791946068,300.48456431890423,341.14000847328816,32.5
63.4%,63399683,-441976.6531705004,85171.35192442097,297.2005244976551,339.7609095220209,32.5
63.6%,63599682,-441906.4282662426,85464.09004906769,298.222017314426,340.26827916268513,32.5
63.8%,63799681,-441531.4741298086,85234.36033262394,297.42038870718767,340.37926157208835,32.5
64.0%,63999680,-441587.76146727335,83990.41080733435,293.0796985219158,341.57979996917027,32.5
64.2%,64199679,-441468.5386962844,85818.05296986841,299.45715052926624,341.972879580529,32.5
64.4%,64399678,-441112.83923489973,84839.58589582331,296.04284605905025,340.99288291589727,32.5
64.6%,64599677,-441671.39441840677,85885.9804687287,299.69417962218245,340.4115407283839,32.5
64.8%,64799676,-440733.3117253133,85505.23617924342,298.36559436460755,341.6115180402595,32.5
65.0%,64999675,-442193.0457346211,85308.36074800289,297.67860889234083,340.62435604718945,32.5
65.2%,65199674,-442987.37434198055,85462.73439413824,298.21728683467,339.51034548038444,32.5
65.4%,65399673,-440674.93860481493,85725.08183148026,299.13273309937006,341.0760764480394,32.5
65.6%,65599672,-441369.9722250188,84852.16880275961,296.08675338770803,340.28104878323205,32.5
65.8%,65799671,-442049.1252555717,84841.73876371491,296.05035836749784,340.138812899796,32.5
66.0%,65999670,-442274.6791760209,84721.24510262441,295.6299026806313,340.1303236791514,32.5
66.2%,66199669,-441835.0838206108,85653.11877010134,298.8816221435964,340.18470367548406,32.5
66.4%,66399668,-442602.942562534,85887.35628643527,299.6989804587873,339.382045958858,32.5
66.6%,66599667,-442347.6108253971,85312.64692874253,297.6935652730385,339.41445382746275,32.5
66.8%,66799666,-441438.0217613578,86014.68802078755,300.14329720825344,340.5097597320472,32.5
67.0%,66999665,-441337.77790514426,85783.53900364833,299.33671603302616,340.46934830522,32.5
67.2%,67199664,-441077.7967807995,85320.57905633724,297.7212439751873,340.3481015184778,32.5
67.4%,67399663,-441127.8720319476,86128.81623403024,300.54154103166724,340.3362395317227,32.5
67.6%,67599662,-442255.58448254457,84494.2851699721,294.837939074323,339.3206260260173,32.5
67.8%,67799661,-441394.92061747424,86014.29082611273,300.1419112203242,340.0923163995778,32.5
68.0%,67999660,-441696.44865385676,85535.15966264659,298.47001063558685,340.6002128096612,32.5
68.2%,68199659,-442104.91351208836,85949.50437503192,299.91584263263,339.15164019454124,32.5
68.4%,68399658,-442319.0187128261,85764.75069254049,299.27115530410134,338.64676603617124,32.5
68.6%,68599657,-442343.90554184094,85814.76601569215,299.4456808920806,340.8439999522972,32.5
68.8%,68799656,-440225.4712825692,84636.628787742,295.33463892590737,341.96371519129985,32.5
69.0%,68999655,-441278.1640999592,86053.26810946348,300.2779202044908,339.9949947358488,32.5
69.2%,69199654,-441141.6014656741,84902.37757503035,296.2619540052406,340.10320128361684,32.5
69.4%,69399653,-442304.98524700804,85086.31143196236,296.9037805997225,339.5713908181727,32.5
69.6%,69599652,-442756.48671487067,85091.04125518864,296.92028504531214,339.06193986683564,32.5
69.8%,69799651,-441176.0795004261,85405.21962106496,298.0165923483489,339.67432097174014,32.5
70.0%,69999650,-442741.13315851614,85171.84169953584,297.2022335396949,340.4133163799893,32.5
70.2%,70199649,-441070.32332982775,85938.30303822114,299.8767562133116,339.55756953086956,32.5
70.4%,70399648,-441336.1000079387,84860.00394093804,296.1140936508778,339.55338362620495,32.5
70.6%,70599647,-440750.90712176915,84677.30645566469,295.4765813040522,340.3701184380434,32.5
70.8%,70799646,-443054.3557308703,85877.26606576529,299.66377121521356,339.9451926521395,32.5
71.0%,70999645,-440961.40691054193,86065.93249886273,300.3221118615076,339.07442557850203,32.5
71.2%,71199644,-442367.0035830103,86148.18486660451,300.60912675890785,340.27610760828986,32.5
71.4%,71399643,-441054.1976992404,85769.30940919794,299.28706268317916,340.679317428505,32.5
71.6%,71599642,-440895.0236019227,85010.10035834729,296.6378464500448,342.8528440668611,32.5
71.8%,71799641,-442249.1071645841,85131.47394834415,297.06137259812374,339.8860033154591,32.5
72.0%,71999640,-441756.41405272763,85632.07156899793,298.8081791482018,340.72412370720866,32.5
72.2%,72199639,-441008.56946598506,85409.7580182558,298.0324288238189,339.5777902477282,32.5
72.4%,72399638,-439632.89500222215,85877.98846056068,299.66629197022365,342.0156465508555,32.5
72.6%,72599637,-440393.38263488095,85603.89524678316,298.7098594955083,341.0651484736927,32.5
72.8%,72799636,-441207.1742022252,85072.49424338248,296.8555663163956,338.5444977116794,32.5
73.0%,72999635,-441167.22723957244,85484.01829873718,298.29155579327215,339.20037102268117,32.5
73.2%,73199634,-441758.8989130808,85681.43987244775,298.9804469982162,339.70267806920674,32.5
73.4%,73399633,-442036.22417442873,84886.31637135707,296.20590936055777,339.5927445059626,32.5
73.6%,73599632,-441873.4143877975,85053.39818131982,296.7889317082483,339.9752867807295,32.5
73.8%,73799631,-442202.14349518204,84578.57108515504,295.1320499183349,339.74279367247857,32.5
74.0%,73999630,-442462.7687174147,85083.0725607808,296.8924787453761,340.5891521586059,32.5
74.2%,74199629,-440760.1968592382,85752.38203825126,299.22799559770914,339.9308620028602,32.5
74.4%,74399628,-441425.59930184996,85522.44294442388,298.42563638015605,341.01107035281456,32.5
74.6%,74599627,-442825.40654075565,85334.39777763147,297.76946360683263,339.66222499693754,32.5
74.8%,74799626,-441999.0565894176,85170.42103810517,297.1972762234989,339.9529210317808,32.5
75.0%,74999625,-442095.22700320464,84738.57953712589,295.69039019091855,339.4158369216301,32.5
75.2%,75199624,-441522.6792330304,85286.3971939788,297.6019683362348,340.44547803523466,32.5
75.4%,75399623,-440315.9265391417,85544.43645520916,298.50238146865405,338.9540523693332,32.5
75.6%,75599622,-442218.9077327992,86406.59191342982,301.5108232579669,339.0742969283228,32.5
75.8%,75799621,-441673.2672060644,85710.27830748344,299.0810770554438,340.74732500065977,32.5
76.0%,75999620,-441472.6056150361,86219.40618054938,300.8576494297539,338.69173410454323,32.5
76.2%,76199619,-442363.7487779758,84736.95118336286,295.6847081442972,339.5300428917357,32.5
76.4%,76399618,-442129.46702736896,85351.72858474078,297.829938459544,339.4174008910765,32.5
76.6%,76599617,-442088.7951286915,86273.50511814142,301.0464245550025,339.48355758415295,32.5
76.8%,76799616,-440335.1480766805,85315.96603024757,297.7051470864754,342.09476841356536,32.5
77.0%,76999615,-441629.49974311097,85555.23692529369,298.5400690866314,339.5298914808055,32.5
77.2%,77199614,-441921.43885570625,85714.97339534527,299.09746029398076,340.1681629079481,32.5
77.4%,77399613,-442427.63840022404,86340.91001695488,301.28163006517036,338.84279030680517,32.5
77.6%,77599612,-441210.81421829714,85675.84734311816,298.960932189393,341.4920564361923,32.5
77.8%,77799611,-441823.98411289277,85595.27281330177,298.67977201074706,340.2594799948196,32.5
78.0%,77999610,-441767.02091748314,85233.53364291054,297.4175040210712,340.273376223753,32.5
78.2%,78199609,-441428.03331068717,85702.45274204534,299.0537701957997,340.7052836636579,32.5
78.4%,78399608,-441341.4030441521,85297.94771728595,297.6422732217103,340.2525585292508,32.5
78.6%,78599607,-441925.4282593555,85525.7745197477,298.43726172026487,339.79624538800095,32.5
78.8%,78799606,-441570.02777741477,86084.59361136367,300.3872287382235,341.9746172853657,32.5
79.0%,78999605,-441292.32093226677,85984.48679248348,300.0379117624476,339.5187236618972,32.5
79.2%,79199604,-441427.70840936713,85137.46596745332,297.082281403512,339.81114950519446,32.5
79.4%,79399603,-441502.93389227334,85131.10188506264,297.06007430474324,340.62227855250404,32.5
79.6%,79599602,-441412.8021329753,85660.25673902099,298.9065296748125,340.1109669549562,32.5
79.8%,79799601,-441053.01658319216,84728.09773815272,295.6538145574207,340.5105767825602,32.5
80.0%,79999600,-442058.829830579,85260.46037883393,297.51146331440896,339.9492658962014,32.5
80.2%,80199599,-441643.3820793303,85219.07896029577,297.36706523904536,339.92139258490175,32.5
80.4%,80399598,-442636.18945999583,85056.45900054128,296.79961226054024,339.2062865038758,32.5
80.6%,80599597,-441577.563941916,84960.73280571017,296.4655812199479,339.10853234231513,32.5
80.8%,80799596,-441949.43335834984,85484.15274877619,298.29202494893553,341.1560820571723,32.5
81.0%,80999595,-442489.0368587435,85345.7955119356,297.80923534388666,338.74150145829486,32.5
81.2%,81199594,-442135.2206000136,85841.13777746557,299.5377036351027,340.65595892696336,32.5
81.4%,81399593,-441727.3111493136,85737.36191604918,299.17558374682716,341.49254348129597,32.5
81.6%,81599592,-441004.02122162236,85360.68393235581,297.86118762899014,340.21425048216713,32.5
81.8%,81799591,-440617.83743982576,85393.9070635235,297.9771178306999,340.0463895857892,32.5
82.0%,81999590,-441398.46212080866,85546.08034072083,298.50811771241723,340.4008646493194,32.5
82.2%,82199589,-441132.0956783034,84813.94405018256,295.95337031631124,339.0448935795721,32.5
82.4%,82399588,-440238.8258289313,85382.41808372817,297.93702769776246,341.05435353440475,32.5
82.6%,82599587,-441472.1555912569,85052.78605408873,296.7867957255495,339.09419062397643,32.5
82.8%,82799586,-441626.6539740595,84821.07289890404,295.97824602312136,338.9184969323369,32.5
83.0%,82999585,-441339.7540569515,85617.99777274154,298.7590694471748,339.76469765809117,32.5
83.2%,83199584,-441039.2741058413,86481.82128423668,301.7733318122665,341.003188944175,32.5
83.4%,83399583,-441263.80470477045,85447.67896946543,298.1647517978508,340.62293972510565,32.5
83.6%,83599582,-440792.34772831807,85461.71549870551,298.21373145777187,341.03110206815757,32.5
83.8%,83799581,-441653.6678877743,85135.96729885135,297.077051885787,340.25021994789336,32.5
84.0%,83999580,-440433.86198868137,85520.01150935417,298.417152027593,342.8387057539793,32.5
84.2%,84199579,-441619.10174995195,84864.60403624433,296.1301454183663,339.10261581669886,32.5
84.4%,84399578,-441189.0407842351,85438.06883471747,298.1312177864367,341.2578876925927,32.5
84.6%,84599577,-441200.94227186823,85037.10554188653,296.73207948181744,340.1282619365516,32.5
84.8%,84799576,-442123.78247923637,85286.6747364116,297.6029368045605,340.468626744663,32.5
85.0%,84999575,-441081.9847257533,85396.39577210427,297.98580203587943,340.1609398671998,32.5
85.2%,85199574,-440876.2233226802,84569.60881547746,295.1007765947504,341.4668086082917,32.5
85.4%,85399573,-440647.61817230517,85277.9634868055,297.5725394010502,340.57345285012684,32.5
85.6%,85599572,-442094.27459903667,85515.61105424512,298.4017968930684,340.7856630422267,32.5
85.8%,85799571,-442055.13112153625,86118.62354128493,300.50597421769163,339.4308694418886,32.5
86.0%,85999570,-441026.5945176296,85521.48879785388,298.4223069406832,340.5771866936814,32.5
86.2%,86199569,-441448.64828487625,85067.54426342365,296.83829364657436,339.58503735944976,32.5
86.4%,86399568,-441095.707688191,85579.92084294325,298.6262021948462,340.9939188395133,32.5
86.6%,86599567,-441207.7392380978,85100.37542285408,296.95285608549455,341.3849651129894,32.5
86.8%,86799566,-441694.5788355521,84895.41306975199,296.23765176540496,339.59593648934367,32.5
87.0%,86999565,-440996.9194873697,85276.26006375893,297.5665954044899,341.4753511646978,32.5
87.2%,87199564,-442376.22176994896,84967.19509195199,296.4881309953962,339.3382875571143,32.5
87.4%,87399563,-441838.91468822537,85839.45351063606,299.53182648305784,339.3276448640152,32.5
87.6%,87599562,-441774.7314910288,85470.32375018147,298.24376945524233,339.88610920490925,32.5
87.8%,87799561,-441233.1004655021,85578.90190537472,298.6226466709176,342.1222606112978,32.5
88.0%,87999560,-440623.9148577824,85794.61892870953,299.3753787930409,338.6044549760588,32.5
88.2%,88199559,-441165.1277419855,85590.16616512928,298.6619526562224,341.08571206880424,32.5
88.4%,88399558,-441692.2652172507,86034.74395170371,300.2132812234521,340.66865366868456,32.5
88.6%,88599557,-441251.620433704,85920.58915910515,299.81494465290757,340.9879462348652,32.5
88.8%,88799556,-441084.3599938289,85301.98064997722,297.65634590793667,340.2199569443406,32.5
89.0%,88999555,-440558.3392437077,85130.64090691472,297.05846574806014,340.9137822200246,32.5
89.2%,89199554,-441442.22506343387,85537.2571843667,298.4773298167584,339.8281758882059,32.5
89.4%,89399553,-441203.973515233,85965.45175301877,299.9714900891393,340.39906791367787,32.5
89.6%,89599552,-441628.27278217394,85288.69401973137,297.6099829773426,339.9778987376138,32.5
89.8%,89799551,-442143.33516435977,85229.84525449038,297.4046336022243,339.55571263166814,32.5
90.0%,89999550,-440972.14653955353,85654.05355708837,298.8848840289201,340.4112062318294,32.5
90.2%,90199549,-442784.8915563631,85075.11279186513,296.8647035904306,340.31346018204954,32.5
90.4%,90399548,-441196.494252597,85325.04422224732,297.73682491432305,340.5732823301622,32.5
90.6%,90599547,-440618.2513185791,85110.47820468427,296.98810916051303,341.5417205071084,32.5
90.8%,90799546,-440887.46523346426,85004.99760013248,296.62004066930325,340.0459499847151,32.5
91.0%,90999545,-440813.158294464,86061.04699612828,300.3050641812453,339.87796539248006,32.5
91.2%,91199544,-441139.3753300947,84950.85769227543,296.43112258067583,339.47097945232036,32.5
91.4%,91399543,-441153.8779622796,85452.8478228735,298.18278821396046,341.2242647419159,32.5
91.6%,91599542,-441848.68186720926,85794.80885104527,299.37604151608707,340.05120050280163,32.5
91.8%,91799541,-441858.52408251446,85323.63213360414,297.731897512375,340.45023367258227,32.5
92.0%,91999540,-441129.90556788817,86056.64910400331,300.289717990106,341.27931830805426,32.5
92.2%,92199539,-441150.84829428233,85016.15991693409,296.65899093054827,340.93212198878376,32.5
92.4%,92399538,-441307.66543812584,85443.53872221598,298.15030464365765,340.4082260300749,32.5
92.6%,92599537,-440167.45983533934,85432.92180174164,298.11325751146796,342.68316658097996,32.5
92.8%,92799536,-441560.11429398693,85236.10577368154,297.42647932317624,340.4162913023027,32.5
93.0%,92999535,-441121.50682093995,85595.76190966251,298.6814786843135,340.70946826088243,32.5
93.2%,93199534,-440735.74861893477,85449.86305835034,298.17237305015544,340.4739682615952,32.5
93.4%,93399533,-441997.99440504843,85537.2202000519,298.4772007621231,339.3347405965255,32.5
93.6%,93599532,-441425.7432672954,84701.55766451813,295.5612044998581,340.5537082156231,32.5
93.8%,93799531,-441929.586711694,85587.05189945281,298.65108560560554,339.5554698484212,32.5
94.0%,93999530,-441137.70500392327,85178.3176229868,297.2248309013986,339.0473455808875,32.5
94.2%,94199529,-440481.006991182,84861.9014783263,296.1207149982476,339.90175227558336,32.5
94.4%,94399528,-441018.462903786,85834.17756329093,299.51341636882614,340.7164060998057,32.5
94.6%,94599527,-441592.74799781246,84382.74112503044,294.44871255728157,340.23759933532864,32.5
94.8%,94799526,-441848.19687356707,85750.98785607604,299.22313067934914,338.7945993949384,32.5
95.0%,94999525,-441602.2570370212,85852.43855617777,299.5771370512058,340.6896887259099,32.5
95.2%,95199524,-441006.0993682947,85202.87484449637,297.3105219107339,340.59615329166036,32.5
95.4%,95399523,-440905.22705879156,86161.50841189851,300.6556185024352,341.05020159828877,32.5
95.6%,95599522,-440931.66691464605,85828.04244627181,299.4920082315272,339.13154239280163,32.5
95.8%,95799521,-441746.0266233641,85600.08495367435,298.6965636972752,339.6826236103893,32.5
96.0%,95999520,-441634.97594990814,85500.13963235496,298.34781025793126,340.674855451327,32.5
96.2%,96199519,-441768.16819071583,84984.79388446908,296.5495409677452,341.6144615446459,32.5
96.4%,96399518,-441203.06128408527,85501.38640039891,298.35216078317507,339.1480757064091,32.5
96.6%,96599517,-440955.11161669483,85325.38927961705,297.7380289721306,340.77191106091345,32.5
96.8%,96799516,-441934.6651622192,85237.30355701211,297.43065891908543,340.9017752262884,32.5
97.0%,96999515,-441468.8157084794,84817.35982422621,295.9652894630009,340.04980922363563,32.5
97.2%,97199514,-442403.0411374904,84980.77853409376,296.53552963399716,340.9016209864786,32.5
97.4%,97399513,-442612.0305617051,85614.21377551113,298.7458654068941,339.87839498894886,32.5
97.6%,97599512,-440958.09760192083,85833.79115344165,299.51206801392414,340.57669983979315,32.5
97.8%,97799511,-442862.0067214356,85528.08568784696,298.44532640816493,340.986160178241,32.5
98.0%,97999510,-441253.37440163316,84783.97148159961,295.84878276542565,340.4541266840369,32.4
98.2%,98199509,-440622.2489111959,85947.3359730374,299.9082761188254,339.41240232970017,32.4
98.4%,98399508,-441928.0435844436,84980.29374627158,296.5338379948278,340.15167198669616,32.4
98.6%,98599507,-440744.69755894924,85018.1857144523,296.66605983425035,341.90782304470315,32.4
98.8%,98799506,-442077.46205701074,85610.94564649079,298.73446145900516,340.47973615199413,32.4
99.0%,98999505,-440959.9558864953,85106.23351975519,296.9732975770552,339.1450074120126,32.4
99.2%,99199504,-441531.00004795846,85915.52899831673,299.7972875134308,341.10592997404893,32.4
99.4%,99399503,-441349.93051979924,85355.41275437851,297.8427941571927,341.25555239642085,32.4
99.6%,99599502,-441142.5367130046,85353.95680243266,297.8377136967776,340.1527539364633,32.4
99.8%,99799501,-442967.0772765344,86282.33918306694,301.07725051549255,338.8914091549755,32.5
100.0%,99999500,-440757.46897571115,84931.71370710852,296.3643207476178,341.6262482377121,32.5
