#"Progress (%)","Step","Potential Energy (kJ/mole)","Kinetic Energy (kJ/mole)","Temperature (K)","Box Volume (nm^3)","Speed (ns/day)"
0.2%,199999,-441542.4780715024,85578.01355078234,298.6195468087594,340.37864010081785,0
0.4%,399998,-441227.5393164223,85641.08141383482,298.83961848256325,340.9612258931621,32.7
0.6%,599997,-441272.8833256676,85666.15119845315,298.9270980513298,341.7192886617796,32.6
0.8%,799996,-440360.2260130225,84536.56212605283,294.98546207633547,342.06245190452034,32.6
1.0%,999995,-442209.2808107231,86206.61627207958,300.8130197811736,340.15368329191887,32.6
1.2%,1199994,-441555.2535636574,84969.99443851947,296.49789915392967,340.3155079146947,32.6
1.4%,1399993,-441324.4422096871,84825.98498643094,295.99538646948486,340.4828672831478,32.6
1.6%,1599992,-442428.6560410233,85593.07349655719,298.67209762170364,341.2198157194927,32.6
1.8%,1799991,-440798.5170176341,85142.26779591898,297.0990371072351,340.1558551299588,32.6
2.0%,1999990,-441772.1775641674,85186.93774985941,297.2549103373814,338.3101789021227,32.6
2.2%,2199989,-441537.1258845497,86349.56771408848,301.3118406004138,339.07927996934285,32.5
2.4%,2399988,-441657.07996181166,84746.05377560666,295.7164711153904,342.1653532745665,32.5
2.6%,2599987,-440767.2724139099,85187.10491576692,297.2554936531826,340.58856862775343,32.5
2.8%,2799986,-441698.4666471551,85444.98853547574,298.15536368348137,339.3390903184172,32.5
3.0%,2999985,-440935.4909144575,85642.78854728094,298.84557542634906,340.455465419853,32.5
3.2%,3199984,-440994.1384438197,84702.477120878,295.5644128898417,339.2338496273624,32.5
3.4%,3399983,-440566.33773206174,85475.18307858438,298.260725801683,342.4032685920578,32.5
3.6%,3599982,-440912.67449275823,84201.79449314438,293.81730971245713,340.6435004217216,32.4
3.8%,3799981,-442315.6012471621,84993.99852648342,296.58166003563207,340.26071928749155,32.4
4.0%,3999980,-441915.3435148983,85586.71997953672,298.6499273901854,340.22255270528075,32.4
4.2%,4199979,-441131.5170818446,84916.92519573285,296.31271708936794,339.4095537066563,32.4
4.4%,4399978,-440660.4358068318,85849.98555366253,299.56857744028434,340.7206868984833,32.4
4.6%,4599977,-440632.45757459616,84812.14458067727,295.9470911711679,341.1126553492529,32.4
4.8%,4799976,-441693.54471530765,85498.59628033685,298.3424248200006,340.80223999314,32.4
5.0%,4999975,-441617.1700845836,84363.50166525296,294.3815775710717,340.68367906550634,32.4
5.2%,5199974,-442056.1444014739,85556.23542415397,298.54355329086536,340.2145371803469,32.4
5.4%,5399973,-441014.43502895674,85336.89532155928,297.7781786424465,339.9523800907928,32.4
5.6%,5599972,-441609.3842759724,85898.50652751757,299.73788858250566,341.3223238369565,32.4
5.8%,5799971,-441814.30020855134,84628.29046664236,295.30554283493024,339.50236661648825,32.4
6.0%,5999970,-441282.8881031112,85912.76293296786,299.7876354877918,341.02471203778475,32.4
6.2%,6199969,-440320.9261738872,85963.72645154252,299.9654697490593,339.50221519879415,32.4
6.4%,6399968,-440793.24185060896,85138.37393879064,297.08544971717134,339.9631029133238,32.4
6.6%,6599967,-442185.5681780656,86045.62864195625,300.2512627228525,340.04942060685414,32.4
6.8%,6799966,-441991.3439367912,85560.57290749266,298.55868868902604,339.02561303349717,32.4
7.0%,6999965,-441073.2243865789,86017.26072979294,300.15227452807403,341.5658406693217,32.4
7.2%,7199964,-441743.2920024707,86314.44897498592,301.18929578405067,342.09175432622186,32.4
7.4%,7399963,-441858.2917515533,84983.70272098051,296.54573341563065,339.1315679189136,32.4
7.6%,7599962,-441174.578234253,84981.43539490906,296.5378217119602,341.251952666303,32.4
7.8%,7799961,-440306.1659157579,85725.8674657123,299.1354745247502,341.57512418842975,32.4
8.0%,7999960,-441060.90496686986,85258.18898188535,297.5035374056473,339.7409917409056,32.4
8.2%,8199959,-442175.6043370967,85199.15265153279,297.29753353288066,340.3587335048489,32.4
8.4%,8399958,-441123.17265891004,85117.27551627415,297.0118279876074,340.6635300871381,32.4
8.6%,8599957,-440648.46281179925,85590.23670748237,298.6621988096985,341.11182605851513,32.4
8.8%,8799956,-441893.1042774413,85423.38405350404,298.0799760886104,341.28744810216324,32.4
9.0%,8999955,-440338.536911421,86164.84070282755,300.6672463396071,340.9616063790706,32.4
9.2%,9199954,-440987.68496487895,85737.97164592589,299.17771136409596,342.387756092839,32.4
9.4%,9399953,-441709.00768928183,85388.8759426598,297.95956202436696,339.82304861104393,32.4
9.6%,9599952,-442283.6728486195,85101.21474327892,296.95578484575077,339.62041907443023,32.4
9.8%,9799951,-440733.1939901733,85766.22023795557,299.276283198144,341.9481669437435,32.4
10.0%,9999950,-441532.91836694395,84778.02610467328,295.8280367152465,340.56552999724397,32.4
10.2%,10199949,-442054.8072305769,85044.55224928068,296.758064338149,339.913506863546,32.4
10.4%,10399948,-441913.32202252,84969.84570785915,296.49738016686115,341.015387421136,32.4
10.6%,10599947,-443598.5968881445,84835.43902506534,296.02837579250587,339.7893902796331,32.4
10.8%,10799946,-441102.3856615713,84478.50719597499,294.78288274327383,341.61962766459095,32.4
11.0%,10999945,-441314.7840795815,86022.77144592791,300.1715038544692,340.98183137913674,32.4
11.2%,11199944,-440987.96886649635,85286.2245880398,297.6013660377571,340.2815780044575,32.4
11.4%,11399943,-440974.74145378685,85817.7237016292,299.45600156671975,339.0220910791,32.4
11.6%,11599942,-439474.32815018995,85582.7431111869,298.6360503372477,340.85623579218077,32.4
11.8%,11799941,-442469.43568556337,85834.59559549054,299.51487506809735,339.40271812174757,32.4
12.0%,11999940,-441822.9464387875,86108.97525018014,300.4723070618692,339.8523206706651,32.4
12.2%,12199939,-440781.16008606786,84619.03793748963,295.27325666763346,341.3380502487902,32.4
12.4%,12399938,-440719.56702329684,84976.18061632052,296.5194854648848,339.5585590663982,32.4
12.6%,12599937,-441149.17888692906,85925.07537059311,299.83059902937464,341.5532190630039,32.4
12.8%,12799936,-439691.61435705423,85935.20964499342,299.8659619959018,342.43891110907737,32.4
13.0%,12999935,-442058.3374244403,85707.62910875119,299.07183282912905,340.2628971615123,32.4
13.2%,13199934,-442037.64431688655,85748.91242443037,299.21588858021937,340.52987003223626,32.4
13.4%,13399933,-441698.21030466957,85221.6863073511,297.37616342634533,339.0269632303589,32.4
13.6%,13599932,-441081.3167733471,86208.18100966874,300.8184798428221,340.81851161440244,32.4
13.8%,13799931,-442332.3637514468,84623.7478604964,295.2896916725539,339.8456701587442,32.4
14.0%,13999930,-440425.78610016126,85361.96252340928,297.86564919879174,339.406572245466,32.4
14.2%,14199929,-440185.0498503824,85669.73023683205,298.939586899509,341.15742961229046,32.4
14.4%,14399928,-441025.91712801484,85009.48899561015,296.6357131350036,341.39640211248843,32.4
14.6%,14599927,-439800.43626242876,85494.06271949573,298.32660522069426,340.1488885125108,32.4
14.8%,14799926,-441789.87158824224,85870.98115600995,299.64184038479334,339.94269886941,32.4
15.0%,14999925,-442756.271247067,85368.03957639732,297.88685472500026,339.1543427287485,32.4
15.2%,15199924,-442269.00360323815,85217.84875655512,297.36277251398354,340.6902311067476,32.4
15.4%,15399923,-441107.5413631946,84995.59112315293,296.58721730993614,340.82252833400855,32.4
15.6%,15599922,-441947.99174445076,85018.81741590623,296.6682641200718,339.1785293023896,32.4
15.8%,15799921,-441850.32120785257,84570.10089974751,295.10249369445415,337.2592016864336,32.4
16.0%,15999920,-441950.2931600008,86169.84450986618,300.6847068359214,338.9358198235523,32.4
16.2%,16199919,-442037.689507612,85763.29065063654,299.2660605720132,340.2271220287558,32.4
16.4%,16399918,-441022.25131349126,85195.15454432159,297.2835823681602,339.76512864942856,32.4
16.6%,16599917,-441885.03760942677,85456.32427310123,298.1949190866979,339.62202626785273,32.4
16.8%,16799916,-440725.93236874556,85754.76373535313,299.2363063924996,340.5633199820787,32.4
17.0%,16999915,-441211.35585685354,86228.75004131626,300.8902542934552,340.2796886242902,32.4
17.2%,17199914,-441661.1872335351,85351.25689636674,297.8282925301441,340.602015757792,32.4
17.4%,17399913,-440913.1964050834,85023.80490239973,296.6856676667844,339.57748595553505,32.4
17.6%,17599912,-441824.57685006224,85821.4319657406,299.46894134064587,338.8914758087318,32.4
17.8%,17799911,-440858.08327822713,85074.16154081491,296.8613842547072,339.7326180348416,32.4
18.0%,17999910,-441681.5947541911,85420.47541047775,298.0698265463823,340.4193727684298,32.4
18.2%,18199909,-443219.1717782193,85375.91847799573,297.9143476981022,339.8758457288987,32.4
18.4%,18399908,-441805.876088405,85290.62407266279,297.6167177858265,340.1190024726654,32.4
18.6%,18599907,-440760.3231435907,85075.11424701521,296.86470866809293,340.3439458056255,32.4
18.8%,18799906,-441794.7589272666,85791.24527433456,299.363606620508,340.03907456768786,32.4
19.0%,18999905,-441971.1635101759,85518.92903501214,298.41337479575463,340.921806521022,32.4
19.2%,19199904,-440426.59707897576,85613.83444287744,298.74454174752805,339.2599055256219,32.4
19.4%,19399903,-442000.64203484124,85809.79433863133,299.42833251147226,339.4683597338515,32.4
19.6%,19599902,-440974.62217775686,85307.57710470312,297.67587441420415,340.77024210130895,32.4
19.8%,19799901,-440596.4434500132,85437.24070105329,298.1283280617372,342.42628990443274,32.4
20.0%,19999900,-441118.06207003957,85277.14567232691,297.56968568455414,341.59161320686087,32.4
20.2%,20199899,-440915.2510100943,84750.60985365813,295.7323692872046,341.38309809151775,32.4
20.4%,20399898,-441488.56388904294,85871.33478338632,299.6430743471453,338.8153730762435,32.4
20.6%,20599897,-441324.10541568603,85660.71451967652,298.90812707403006,340.7136396129188,32.4
20.8%,20799896,-439792.1744858222,86106.51808479521,300.46373292485384,341.7524786658202,32.4
21.0%,20999895,-442264.38399453554,85802.2820903766,299.40211895408453,340.27525491218336,32.4
21.2%,21199894,-441670.28977912245,85085.35395797173,296.90043954940717,341.3174878992027,32.4
21.4%,21399893,-441993.55853919825,84893.31391668328,296.2303268917365,339.9133011024252,32.4
21.6%,21599892,-442367.9208995858,85296.08608531568,297.63577716422753,340.1709904965656,32.4
21.8%,21799891,-442465.4441036056,84453.90605896912,294.69703849334496,338.9317640580918,32.4
22.0%,21999890,-441460.530107921,85327.36461474432,297.7449217902275,340.6268234190073,32.4
22.2%,22199889,-440403.03162407735,85499.98036360927,298.34725449882114,340.3504908024621,32.4
22.4%,22399888,-441170.1190399807,85141.93790509086,297.0978859722006,340.4944110976448,32.4
22.6%,22599887,-441204.5182605353,85134.57899706753,297.0722074867139,340.47086974711345,32.4
22.8%,22799886,-440256.3180733388,85080.20196428843,296.88246196433556,341.4121139009924,32.4
23.0%,22999885,-441904.8710483103,85434.12585259072,298.1174589775217,339.4520487524017,32.4
23.2%,23199884,-440435.7052291939,85978.62421442091,300.01745463413226,339.5368749875056,32.4
23.4%,23399883,-442011.6044784025,85938.97648091268,299.87910615277616,340.5953465745243,32.4
23.6%,23599882,-441464.03900122596,85049.37355937914,296.7748880219071,341.37707289288966,32.4
23.8%,23799881,-442576.58582385397,84496.84453271283,294.8468698231221,339.0659905208246,32.4
24.0%,23999880,-441844.03379143355,85383.24598281336,297.93991660391214,341.0610078792336,32.4
24.2%,24199879,-441494.80108876806,85687.80459090811,299.0026563165136,339.9537861299811,32.4
24.4%,24399878,-441680.0549664763,84628.11056566541,295.30491508083804,339.0121572531288,32.4
24.6%,24599877,-441204.1927161617,84997.76788464468,296.5948129937246,341.3130589101961,32.4
24.8%,24799876,-441457.45741572883,85038.22291945596,296.73597850645655,340.2046118574202,32.4
25.0%,24999875,-441119.74819566635,85275.25419173471,297.5630854720252,337.77435344760676,32.4
25.2%,25199874,-441842.7500033984,84835.29245241638,296.0278643356936,339.9225052253294,32.3
25.4%,25399873,-441220.935195487,85685.83239608083,298.99577445631246,339.42239145572654,32.3
25.6%,25599872,-441749.5056691463,85527.71864476247,298.4440456324727,340.5122988967538,32.3
25.8%,25799871,-441966.8549022479,84891.50821227455,296.2240259902569,340.3783514551291,32.3
26.0%,25999870,-441261.83570088726,85839.1212162755,299.5306669610353,338.9487113070064,32.3
26.2%,26199869,-441823.68176016863,85144.61084490543,297.10721304165395,341.0771600447325,32.3
26.4%,26399868,-441952.28442661185,85915.9717646814,299.79883252114564,340.03506225903004,32.3
26.6%,26599867,-442066.35554656154,84806.1373406254,295.9261292531772,340.6543881477507,32.3
26.8%,26799866,-441566.2979756468,85635.52466952859,298.82022854351686,340.624002204278,32.3
27.0%,26999865,-442158.39032472344,85523.25200960087,298.42845956646835,341.8771595374547,32.3
27.2%,27199864,-440449.30609048344,85737.89148080512,299.1774316325266,340.97834873856846,32.3
27.4%,27399863,-441658.7344769365,85272.44974925491,297.55329953159935,339.532286461938,32.3
27.6%,27599862,-441739.08169611637,85200.13969858311,297.3009777766837,338.48095234759137,32.3
27.8%,27799861,-443154.89957914315,84873.96081845945,296.1627953707166,338.74341896229316,32.3
28.0%,27999860,-440265.52981147077,85210.80731093045,297.33820179524315,339.52517440879643,32.3
28.2%,28199859,-442616.28286492685,84754.04585379589,295.7443590116841,339.11339569066047,32.3
28.4%,28399858,-441648.0233006375,85093.10617222349,296.9274904543134,340.9242122208755,32.3
28.6%,28599857,-440810.72270382615,85439.61914907763,298.1366275190588,341.8640570617579,32.3
28.8%,28799856,-441136.51641901303,85824.11935913377,299.4783188450289,340.4317269479044,32.3
29.0%,28999855,-440693.2924765805,85673.58662479231,298.95304354307,341.1388000442188,32.3
29.2%,29199854,-441474.118228714,85746.3674397406,299.2070080028005,340.53398694922794,32.3
29.4%,29399853,-440589.12286378816,85432.00419618777,298.1100555797652,340.3164062579164,32.3
29.6%,29599852,-441054.73014048114,85132.97269736661,297.0666023964714,339.6702951733983,32.3
29.8%,29799851,-441353.6450270084,85572.01250398403,298.59860650177006,339.9390128785964,32.3
30.0%,29999850,-442824.0270955474,85432.57798205258,298.11205777247574,339.4863858832028,32.3
30.2%,30199849,-441913.13748936215,84712.38519113243,295.59898653003694,338.7453068465812,32.3
30.4%,30399848,-441261.3508714675,85708.49241260474,299.0748452781777,340.4184080553389,32.3
30.6%,30599847,-441942.1161135384,85427.11692513229,298.0930017290486,341.2855719867728,32.3
30.8%,30799846,-441740.7374049183,85916.87204977221,299.80197401409066,339.61028635473394,32.3
31.0%,30999845,-440967.4427883513,85053.42465543776,296.7890240881572,340.917175673833,32.4
31.2%,31199844,-440345.97622847604,84501.19187082932,294.86203960896205,339.8083494252992,32.4
31.4%,31399843,-442737.3054497014,85471.0330501514,298.2462445166136,338.46555611864636,32.4
31.6%,31599842,-441654.26098626433,86343.36305454938,301.29018979849883,341.40134157804744,32.4
31.8%,31799841,-441426.95031680074,85748.60278268583,299.2148081031951,340.67890399988744,32.4
32.0%,31999840,-440723.96959590307,85296.43595827935,297.63699802577264,339.96660319241676,32.4
32.2%,32199839,-441665.36969744787,85625.7793194746,298.78622270608423,341.22557431059965,32.4
32.4%,32399838,-441862.01496045664,86445.25798722007,301.6457462943057,341.69837183204623,32.4
32.6%,32599837,-442492.6081155408,85646.04740470299,298.85694702152995,338.867054675324,32.4
32.8%,32799836,-441881.01816056855,85326.06760114641,297.7403959360187,339.3506063639343,32.4
33.0%,32999835,-441834.8513664757,85149.41332132078,297.1239710063602,339.14180181395596,32.4
33.2%,33199834,-442080.1566481292,84843.69782487644,296.05719439852913,338.91807893311756,32.4
33.4%,33399833,-442032.7665161779,85341.65019761026,297.7947705084242,340.8659809329273,32.4
33.6%,33599832,-441071.28443585476,86104.31927309441,300.4560602981316,339.6029047866231,32.4
33.8%,33799831,-442333.7201233604,85438.45004868403,298.1325480106053,340.77451752743576,32.4
34.0%,33999830,-441982.85863374034,84624.57425919233,295.2925753431817,339.5912599819526,32.4
34.2%,34199829,-441323.3210456264,85116.05354019078,297.0075639724815,340.0883140399935,32.4
34.4%,34399828,-442011.88267739024,85711.21531033906,299.08434667291317,340.21638389490965,32.4
34.6%,34599827,-441714.3579898365,85175.0837051192,297.2135463313558,340.4961545212382,32.4
34.8%,34799826,-440684.81751427194,85951.13763103494,299.9215417853353,340.1479041440063,32.4
35.0%,34999825,-441594.9725205535,84611.04931067,295.24538081469507,338.0891576222996,32.4
35.2%,35199824,-441112.59924517944,85240.74261419254,297.44265931093906,339.43586737593387,32.4
35.4%,35399823,-442092.5506665516,85085.0083215707,296.89923347110323,339.28675615791536,32.4
35.6%,35599822,-441999.257756806,84226.04391099932,293.9019266586768,340.7488180608325,32.4
35.8%,35799821,-441970.75509698037,85323.1896535356,297.730353503674,341.7396667227399,32.4
36.0%,35999820,-440578.0550410361,85295.75821214763,297.63463306970147,339.75668837455777,32.4
36.2%,36199819,-441444.18705212744,85712.69656075363,299.089515410877,341.0169653048821,32.4
36.4%,36399818,-440411.95550450357,84259.46103971667,294.01853380365696,340.9942643784713,32.4
36.6%,36599817,-440325.00799307553,85314.20597220637,297.69900546536485,340.3148098076056,32.4
36.8%,36799816,-441869.9762413176,85607.84932339759,298.7236570179987,340.1622758667533,32.4
37.0%,36999815,-440531.6905034012,85058.74673488949,296.8075951777165,342.44670736198657,32.4
37.2%,37199814,-441254.8939189869,85248.29174769542,297.4690015772747,340.39190858786844,32.4
37.4%,37399813,-442133.67155814916,86032.5911374219,300.20576910207274,340.5255712548994,32.3
37.6%,37599812,-441074.4858839549,85427.21642224264,298.0933489184815,340.21981673286626,32.3
37.8%,37799811,-440356.68994901143,85460.75101242657,298.2103659384805,341.8692666263101,32.3
38.0%,37999810,-441532.46349312924,86082.73836520297,300.3807549636552,339.96756306546024,32.3
38.2%,38199809,-440564.9798645545,85362.64815035742,297.8680416545177,341.5848179380889,32.3
38.4%,38399808,-441137.0922972392,84785.01120984071,295.8524108372081,340.79471943384203,32.3
38.6%,38599807,-442294.387037145,86234.92493853363,300.9118012414636,340.6888989380143,32.3
38.8%,38799806,-440345.80938108824,84580.32927297332,295.1381850134104,341.21532540878235,32.3
39.0%,38999805,-442386.4833653788,85724.58443918091,299.13099747760396,340.7921798599479,32.3
39.2%,39199804,-441320.967034176,85517.77525231382,298.40934873751615,341.5074801484369,32.3
39.4%,39399803,-442190.3348292243,84898.49347389361,296.2484006581473,338.73401090222393,32.3
39.6%,39599802,-441112.0257138042,85640.6809709447,298.8382211601738,338.58715939261907,32.3
39.8%,39799801,-442055.65355212614,84784.77113805275,295.8515731205382,338.138781043145,32.3
40.0%,39999800,-442245.74867522717,86057.87561445337,300.2939978276432,339.29490109806903,32.3
40.2%,40199799,-441936.1113865925,84890.1988491196,296.21945704298037,339.25766452343515,32.3
40.4%,40399798,-441777.8772846502,85414.05358408147,298.04741795323343,339.3530943736443,32.3
40.6%,40599797,-440589.74378229165,85966.68583280762,299.97579633944804,340.5141745291704,32.3
40.8%,40799796,-439797.95761430543,85284.12330366531,297.59403372701996,341.3899807013548,32.3
41.0%,40999795,-440431.8755394635,84799.45817749528,295.90282269832477,340.33568665525894,32.3
41.2%,41199794,-441893.8936911193,85655.31385911432,298.8892817802141,340.3328255070664,32.3
41.4%,41399793,-441491.89809283754,85085.14855653985,296.89972281294695,341.3399518557986,32.3
41.6%,41599792,-441478.3830713462,85473.99922904538,298.25659482693663,340.8475525108229,32.3
41.8%,41799791,-443464.35608197935,86010.34576035794,300.1281451407093,339.00416285595935,32.3
42.0%,41999790,-440687.05484295543,84847.0935308995,296.0690435190173,340.8203975039029,32.3
42.2%,42199789,-440991.9332503411,84941.38683183654,296.39807455893754,340.2477996417407,32.3
42.4%,42399788,-440848.7887266292,85757.39473938826,299.24548712946716,339.83781562140064,32.3
42.6%,42599787,-442076.9427174544,85235.43328952754,297.4241327284731,340.0101573959541,32.3
42.8%,42799786,-441524.6475996231,85244.49440025282,297.45575095219783,339.46748704704925,32.3
43.0%,42999785,-441577.34513704665,85139.13969748087,297.08812178799366,339.86824387659925,32.3
43.2%,43199784,-441349.7007716908,85146.16179671756,297.112624998628,341.7085711371695,32.3
43.4%,43399783,-441769.14528930467,85412.37534460245,298.0415618332808,340.6481120371629,32.3
43.6%,43599782,-442661.54633117747,85371.4832566058,297.89887124864396,338.97441144566164,32.3
43.8%,43799781,-440677.43083569594,85350.05761884013,297.8241077203239,339.32511467756547,32.3
44.0%,43999780,-442737.39072503475,85828.35444500821,299.4930969331388,340.62909443090956,32.3
44.2%,44199779,-440971.5705237817,85580.75438007957,298.62911077465037,341.4513858753965,32.3
44.4%,44399778,-440182.0131146703,85537.01132553304,298.4764719065261,340.1761533285323,32.3
44.6%,44599777,-441797.9584532827,85533.2184803182,298.4632369917136,339.7325905392571,32.3
44.8%,44799776,-441752.7433182574,85393.28825309785,297.9749585273789,340.9882809638795,32.3
45.0%,44999775,-441527.98926953087,85854.63399364322,299.58479790372826,340.0028337682177,32.4
45.2%,45199774,-441046.3088342077,86421.55426835542,301.56303353326643,339.0115523317912,32.4
45.4%,45399773,-439413.6257792576,85532.69056428876,298.46139485915023,340.53279540430395,32.4
45.6%,45599772,-440609.3595781401,85491.70040794427,298.3183620706648,341.9417085810602,32.4
45.8%,45799771,-442039.95991469035,85464.0479003971,298.22187023906883,339.7716324385998,32.4
46.0%,45999770,-442008.6527674543,85234.65657401958,297.42142242446675,339.27076220922913,32.4
46.2%,46199769,-441558.8167255102,86331.54343542687,301.2489459186824,341.5710262646554,32.4
46.4%,46399768,-441386.13677601796,85659.80165207735,298.90494167514726,339.78312319903694,32.4
46.6%,46599767,-440993.25989142666,85727.39472934115,299.1408038231737,340.6892378616471,32.4
46.8%,46799766,-441480.9656944778,85877.18764967844,299.66349758679723,340.4791623082685,32.4
47.0%,46999765,-440891.3109337082,84932.70430963271,296.36777739804205,339.63798660758675,32.4
47.2%,47199764,-440407.3393770554,85283.07038337045,297.5903596223261,341.01264098053355,32.4
47.4%,47399763,-441478.6431627171,84934.50191807793,296.3740500491235,339.66432539877997,32.4
47.6%,47599762,-442165.23030148726,84706.6442063367,295.5789536944194,339.37613071326973,32.4
47.8%,47799761,-439826.74317935016,84715.15711300069,295.60865899166276,341.26543234601615,32.4
48.0%,47999760,-441088.6801545834,85573.48009034758,298.6037275598153,340.465049765934,32.4
48.2%,48199759,-440451.4678032263,85380.17892813287,297.9292142933451,340.47882963475666,32.4
48.4%,48399758,-441292.7127248831,86307.00768532263,301.16332983257877,340.9931218540319,32.4
48.6%,48599757,-441593.88004231313,85930.42678420313,299.84927247878886,341.4022843782159,32.4
48.8%,48799756,-442342.17432472203,85246.92228453927,297.46422291450733,338.79812159929884,32.4
49.0%,48999755,-441979.48433167627,84980.65148378606,296.5350862992698,340.6735316375442,32.4
49.2%,49199754,-441267.00687756855,85281.17495067173,297.58374561914917,338.23943196793215,32.4
49.4%,49399753,-440610.69514707476,85469.08796256022,298.2394572455509,342.2067533530705,32.4
49.6%,49599752,-442467.9379176344,86052.42182544517,300.27496714517645,340.7796071617273,32.4
49.8%,49799751,-440727.2004931527,85133.25298566394,297.06758044633324,341.3118260080185,32.4
50.0%,49999750,-442989.18988636276,85934.43001984232,299.8632415388633,340.5029552921711,32.4
50.2%,50199749,-441270.05471835705,85910.77569258236,299.78070112698236,340.7216487754007,32.4
50.4%,50399748,-442092.01631967863,85749.19882828207,299.21688796995574,339.37048537407327,32.4
50.6%,50599747,-441687.34193641413,85112.3334470375,296.9945829217953,341.17056270060067,32.4
50.8%,50799746,-441977.5041952599,86632.57289222692,302.2993708612101,340.82840384012775,32.4
51.0%,50999745,-443356.18739719456,85547.12989289826,298.5117800642594,340.18807760004466,32.4
51.2%,51199744,-440999.827045416,85553.82006677269,298.5351250404696,342.3650911270637,32.4
51.4%,51399743,-442551.25532412436,85830.12612704703,299.49927911551913,340.8282253862592,32.4
51.6%,51599742,-441228.9292435348,84782.77655280416,295.8446131302523,340.0516133714406,32.4
51.8%,51799741,-441229.9477822818,85109.88048666914,296.986023457943,339.51843345009763,32.4
52.0%,51999740,-441061.009287355,85529.87677326245,298.45157629751014,340.74857622066133,32.4
52.2%,52199739,-442584.058083788,85737.64348609,299.17656626925896,338.56260980771646,32.4
52.4%,52399738,-439919.893892271,84744.87812249735,295.71236874161303,339.19384933192,32.4
52.6%,52599737,-442265.452874898,85376.93910221616,297.91790910750535,340.44174909912266,32.4
52.8%,52799736,-441736.16842371365,84846.31939706771,296.0663422236211,339.19000848595545,32.4
53.0%,52999735,-441443.26348098414,85948.6347470358,299.9128081158503,338.8037206607394,32.4
53.2%,53199734,-441859.2073170445,85675.03157570318,298.95808561600745,339.8506108506941,32.4
53.4%,53399733,-441440.44379813457,85466.49031631812,298.23039290867973,341.90842133722305,32.4
53.6%,53599732,-440004.3844840373,84663.76146507476,295.42931683992566,339.9406708610111,32.4
53.8%,53799731,-441372.2682443969,85181.28201874567,297.2351749895744,341.2218433057115,32.4
54.0%,53999730,-442057.4786668103,85197.89163099893,297.29313327439473,338.73106951727215,32.4
54.2%,54199729,-441245.8132241424,86010.53182103205,300.12879438870976,340.14857963505756,32.4
54.4%,54399728,-440789.63282977603,85330.23084357119,297.754923330551,341.50100546840207,32.4
54.6%,54599727,-441289.57524834806,84813.5230667952,295.9519013190405,340.50132037616646,32.4
54.8%,54799726,-441268.6449564961,86352.91882951022,301.32353412456825,340.0176715342884,32.4
55.0%,54999725,-441295.4523210246,85049.3651126441,296.77485854751194,340.0873263145834,32.4
55.2%,55199724,-440905.46917599114,85430.02121411194,298.10313607808195,341.07123671640585,32.4
55.4%,55399723,-441571.8951330534,85927.69794296898,299.8397503445531,339.3502972466092,32.4
55.6%,55599722,-442151.03904452315,86198.72541294614,300.78548508294216,339.52372596984077,32.4
55.8%,55799721,-442414.6843987629,85628.88892235653,298.7970734861483,339.4617162017437,32.4
56.0%,55999720,-441751.312348207,85637.3902632012,298.8267384251316,340.7401923531618,32.4
56.2%,56199719,-440655.7410145225,85822.36520331562,299.4721978193856,341.94068444543956,32.4
56.4%,56399718,-442121.96188293304,85990.60558256658,300.05926292784414,340.4009021590645,32.4
56.6%,56599717,-440953.27379091596,85466.36107508861,298.229941928857,341.10217054975095,32.4
56.8%,56799716,-441302.447947504,85733.1253082382,299.16080034800746,342.02711703411336,32.4
57.0%,56999715,-442319.26771677425,85171.77848926908,297.2020129711115,339.6447709525111,32.4
57.2%,57199714,-441170.75484342594,85061.25226824242,296.8163380919689,340.769030709587,32.4
57.4%,57399713,-440155.1296199402,85552.84699385776,298.53172955860674,341.521354510587,32.4
57.6%,57599712,-440215.06670437194,84483.2747042217,294.79951868857063,341.2934038686123,32.4
57.8%,57799711,-440873.8134565875,85232.48653536674,297.41385019963724,342.62666442001427,32.4
58.0%,57999710,-441028.59110664716,84784.63514718163,295.85109858823,339.8688774294729,32.4
58.2%,58199709,-442361.07753777737,85080.7059647229,296.88422064480835,340.0676188415817,32.4
58.4%,58399708,-442224.31845305907,85375.13217468606,297.91160393801425,340.3840983312739,32.4
58.6%,58599707,-440365.7875747024,85219.34166746377,297.3679819405695,340.5861753574508,32.4
58.8%,58799706,-441381.38466702215,84563.09813329868,295.0780579444689,340.5313928444115,32.4
59.0%,58999705,-440950.75801437907,85538.07169941545,298.4801720200842,341.28289310512855,32.4
59.2%,59199704,-440978.6005500355,85806.53471960191,299.41695825870636,339.4748656545151,32.4
59.4%,59399703,-441947.5779976966,85329.99984216399,297.7541172644522,340.14625351510557,32.4
59.6%,59599702,-442242.12544846954,85321.94690704276,297.7260170114011,340.0010751313065,32.4
59.8%,59799701,-442030.32756217895,85610.08726644027,298.7314661912835,339.2433843857631,32.4
60.0%,59999700,-441589.64990967466,85903.84753097128,299.7565257062793,340.45010320295495,32.4
60.2%,60199699,-441232.73877395457,85408.71949911973,298.0288049711388,338.1255212558187,32.4
60.4%,60399698,-441897.2018885794,85276.32923725952,297.56683678143395,340.75764596539733,32.4
60.6%,60599697,-441722.9530552989,85322.74660039274,297.72880749526314,337.9755597514158,32.4
60.8%,60799696,-441909.3105250024,85906.39897556187,299.7654288251499,340.7799852875839,32.4
61.0%,60999695,-441947.17868122086,85112.63369266596,296.99563061161405,340.0910471656942,32.4
61.2%,61199694,-441426.40595681826,86212.33607858384,300.8329787163634,340.40972117403743,32.4
61.4%,61399693,-441305.6042334349,86078.83576482139,300.36713706451303,340.85211185887806,32.4
61.6%,61599692,-441968.1922468692,84582.49219239457,295.1457323960915,340.4434254050407,32.4
61.8%,61799691,-440509.06713902066,85386.53767082829,297.951402759555,340.02991511727754,32.4
62.0%,61999690,-442485.89969936153,85930.48743779527,299.84948412600335,338.84102486946654,32.4
62.2%,62199689,-441296.28124854853,84845.27936945402,296.06271310719524,340.5674427627107,32.4
62.4%,62399688,-441021.67963550566,85545.79448688394,298.50712024192586,341.196273143417,32.4
62.6%,62599687,-441638.1210585702,85237.30212015858,297.4306539052678,340.02143147298517,32.4
62.8%,62799686,-441115.3027380151,85993.62849602227,300.0698112101508,340.07152181717925,32.4
63.0%,62999685,-441380.7318026922,85814.8497340107,299.4459730223288,340.8319437543413,32.4
63.2%,63199684,-440965.4991264399,84865.76609973668,296.1342003719583,340.138990674507,32.4
63.4%,63399683,-441527.3388283844,86081.17436169172,300.3752974635292,340.24298230544974,32.4
63.6%,63599682,-441559.5555056189,85935.9166565137,299.8684290718599,338.5825116214213,32.4
63.8%,63799681,-440365.4989241455,84987.0610800283,296.55745221600085,340.55281540868316,32.4
64.0%,63999680,-440336.5217341208,86886.49089785147,303.18540310968234,339.62451816301615,32.4
64.2%,64199679,-441630.9662551065,86036.4004605203,300.2190615155104,340.3607958580056,32.4
64.4%,64399678,-441422.84187792847,85199.24119198899,297.29784248970043,340.4592569105039,32.4
64.6%,64599677,-441286.11744555645,85676.92697503348,298.9646995027472,341.02798143395444,32.4
64.8%,64799676,-440652.9513163017,86093.53183660185,300.41841816012226,340.8367632934668,32.4
65.0%,64999675,-442047.628349748,85618.57231861055,298.7610742918762,339.2354304368933,32.4
65.2%,65199674,-441243.3570805527,85708.48839646368,299.0748312640849,340.8516617168146,32.4
65.4%,65399673,-440950.6465568915,86772.74376291089,302.78848903704386,341.59804647043757,32.4
65.6%,65599672,-441078.4644779051,84945.99209573097,296.41414436191644,341.2699812516651,32.4
65.8%,65799671,-441285.0048879925,84992.62435053289,296.57686492784023,338.9808919384349,32.4
66.0%,65999670,-442105.8777682688,85499.48637281451,298.34553074640934,339.00077126288056,32.4
66.2%,66199669,-441388.0282389084,85086.41727333912,296.90414992710754,341.0618868381611,32.4
66.4%,66399668,-440381.9893689435,85072.27370040235,296.85479674437534,342.5386758900843,32.4
66.6%,66599667,-442094.0725487694,84874.36377424025,296.16420146169315,340.0290639341152,32.4
66.8%,66799666,-443279.0849701986,86162.73823529803,300.6599099003186,338.499932017461,32.4
67.0%,66999665,-441148.5384544558,85902.94305233401,299.7533695801956,339.68076588348293,32.4
67.2%,67199664,-440499.8463327084,85346.61987202242,297.81211190090545,341.30852231491787,32.4
67.4%,67399663,-442406.823585751,85434.1766725126,298.1176363107106,340.4227111381193,32.4
67.6%,67599662,-441930.34554979205,84877.63759180997,296.1756252594473,340.02544494414667,32.4
67.8%,67799661,-440552.22056732746,85066.50213462394,296.834657198181,341.4672458157352,32.4
68.0%,67999660,-441229.11493640766,85751.41756029794,299.2246301074695,339.94374495439945,32.4
68.2%,68199659,-441880.07483191555,85158.81886213025,297.1567910990158,339.6750539945372,32.4
68.4%,68399658,-441568.27205653256,85854.24789893837,299.58345064850454,339.95835216094275,32.4
68.6%,68599657,-441856.79634578014,85097.90413693874,296.9442326757021,339.97419234714357,32.4
68.8%,68799656,-441136.40969156707,85482.48435503885,298.2862031851311,339.9956882238133,32.4
69.0%,68999655,-442574.1361196297,85515.26559851691,298.40059144521194,340.6890438626652,32.4
69.2%,69199654,-441008.3354447903,86366.09565284383,301.3695138902697,340.8946139034251,32.4
69.4%,69399653,-440320.9677990349,85685.45525419916,298.9944584414494,341.94437844491165,32.4
69.6%,69599652,-441667.50096812984,85023.29923473616,296.6839031686117,341.2245807155433,32.4
69.8%,69799651,-442398.23990081856,85763.21450427442,299.2657948636706,340.88995566932107,32.4
70.0%,69999650,-441788.27244407125,84590.75652444095,295.174570306531,340.03694769374584,32.4
70.2%,70199649,-441189.08385313675,85029.07013510354,296.70404039289264,339.34031167797326,32.4
70.4%,70399648,-441624.3661568281,85359.5483113908,297.8572249450735,339.1590529272603,32.4
70.6%,70599647,-440674.64712623786,84786.83423677646,295.85877218464753,342.5134881317387,32.4
70.8%,70799646,-442104.36910749786,85663.12096377776,298.91652422204885,340.1201014477036,32.4
71.0%,70999645,-442572.6807004083,84918.3223656372,296.3175924332366,338.9338593687314,32.4
71.2%,71199644,-441093.6334166643,84763.33301119087,295.77676601223675,339.9604974070363,32.4
71.4%,71399643,-441267.60525755864,85595.05630644923,298.67901652256154,339.7880752795303,32.4
71.6%,71599642,-441508.6528007528,84289.21804970619,294.12236917525246,339.87882901857347,32.4
71.8%,71799641,-442271.0853325641,85144.45216157363,297.10665932531185,341.11221863529664,32.4
72.0%,71999640,-439585.88632499985,85046.00653303837,296.7631389775176,341.00521145882294,32.4
72.2%,72199639,-441164.6573911123,86877.35862732165,303.15353657792025,340.25187367147754,32.4
72.4%,72399638,-442571.6725266613,85927.67720615945,299.8396779846513,340.28888019992183,32.4
72.6%,72599637,-441518.42195031466,84423.27269822732,294.59014514629945,339.95443699572246,32.4
72.8%,72799636,-441099.8314755787,85587.73212773292,298.6534592229905,338.89075288350733,32.4
73.0%,72999635,-440736.36767854774,85116.29247666372,297.0083977275349,342.03989605842287,32.4
73.2%,73199634,-441968.075786368,85511.0311945331,298.3858157365201,340.5012354876979,32.4
73.4%,73399633,-440648.1902966504,86142.93154832174,300.59079560748523,342.42679308232135,32.4
73.6%,73599632,-442856.3357346067,85328.08241059189,297.7474264974743,338.61680073109454,32.4
73.8%,73799631,-441496.721305741,85052.8933831536,296.78717024413646,340.41912808374343,32.4
74.0%,73999630,-441219.8407907104,84642.02670117299,295.35347463376735,341.52751783625376,32.4
74.2%,74199629,-441374.4476115899,84469.79935900695,294.7524972479674,339.44004340280446,32.4
74.4%,74399628,-441858.9126756331,85489.65582983667,298.31122763317825,338.1179130425808,32.4
74.6%,74599627,-442842.66453893995,84985.59372494859,296.5523319650072,338.72156501997154,32.4
74.8%,74799626,-440457.1518884911,85013.33342700696,296.6491280568254,341.59719982811566,32.4
75.0%,74999625,-440105.06146756746,86046.4795257455,300.2542318328025,342.5670843263396,32.4
75.2%,75199624,-443030.5271508745,85487.23660646472,298.30278589263077,340.19362860767814,32.4
75.4%,75399623,-442745.98271965794,85934.46294210141,299.8633564191892,340.0825417588408,32.4
75.6%,75599622,-441263.8068777942,85518.66878083663,298.41246665380646,339.87425808003974,32.4
75.8%,75799621,-441679.76615409274,85534.27859636268,298.466936205561,341.81739167366374,32.4
76.0%,75999620,-441010.7484165854,85551.32146442457,298.5264063115591,340.4542820613335,32.4
76.2%,76199619,-442472.5400319053,85280.0302959712,297.579751412533,338.6434388981662,32.4
76.4%,76399618,-441865.2152112485,85071.84178489051,296.8532896000861,339.3589045093208,32.4
76.6%,76599617,-441452.70403447,85557.33206296811,298.54737994881293,339.8314807526252,32.4
76.8%,76799616,-441819.0054903873,85383.93010288,297.94230380146183,340.8479605621519,32.4
77.0%,76999615,-442607.9758668174,85338.29042740434,297.7830467838992,338.2442601065589,32.4
77.2%,77199614,-441130.59943630174,85597.8782296628,298.6888634610005,340.6948382193232,32.4
77.4%,77399613,-441553.9040690912,84589.90859695466,295.1716115124298,341.2399350997598,32.4
77.6%,77599612,-441960.9563225354,84704.48883353703,295.57143264523944,339.73292521138427,32.4
77.8%,77799611,-441640.44352183025,85526.91340686468,298.44123580123056,340.3052703421807,32.4
78.0%,77999610,-440747.4807112478,84973.4404958057,296.50992397224917,341.54499185110524,32.4
78.2%,78199609,-441487.6326377867,84395.80993930825,294.4943154316069,340.72908689965107,32.4
78.4%,78399608,-442058.2134627006,86337.41121391964,301.26942119359916,339.18295703547153,32.4
78.6%,78599607,-440915.69606424635,85763.06663151755,299.2652788702067,339.51870295826745,32.4
78.8%,78799606,-441154.8148213746,85979.35944731819,300.0200201869592,340.1483281467481,32.4
79.0%,78999605,-441398.1471789419,85294.45687340572,297.6300921231519,341.1618124944214,32.4
79.2%,79199604,-441845.0068954108,85504.09600928622,298.36161580724473,340.4726626187427,32.4
79.4%,79399603,-441425.2428350793,86137.19838884438,300.57079007786524,341.98017837001913,32.4
79.6%,79599602,-441568.49275173387,86106.41350652772,300.4633680050158,339.1392371797748,32.4
79.8%,79799601,-441963.0694185421,85563.63317979785,298.5693673328852,339.32298637761824,32.4
80.0%,79999600,-442527.4321412556,85603.75204571523,298.7093598036338,339.24658265492855,32.4
80.2%,80199599,-442060.8373926566,85066.50883803243,296.83468058933863,342.0447178983661,32.4
80.4%,80399598,-441155.02693131147,85384.69285228394,297.9449653715531,340.5878555109416,32.4
80.6%,80599597,-441843.8740017195,85292.1470091897,297.6220319850772,339.2752681645941,32.4
80.8%,80799596,-440943.2004918745,85458.62955067155,298.20296321993675,340.0089342930297,32.4
81.0%,80999595,-441782.4839434121,85238.33854355646,297.43427044499026,340.55517979162613,32.4
81.2%,81199594,-441604.14084830694,85019.23198024236,296.66971071843324,339.07693869158544,32.4
81.4%,81399593,-440852.8456704952,85400.42235073668,297.9998525499836,340.55727466032056,32.4
81.6%,81599592,-441686.43523952225,85089.07749634387,296.9134326219859,340.267180431671,32.4
81.8%,81799591,-442686.2717912863,86659.47654717471,302.39324961481356,340.4900327465332,32.4
82.0%,81999590,-441667.62686781585,85041.97535503597,296.74907241417696,339.80432056171577,32.4
82.2%,82199589,-440550.89922287175,85170.19204857398,297.19647717772546,340.1350394423687,32.4
82.4%,82399588,-441431.3227327317,84775.93858711627,295.82075244302564,339.9700419601204,32.4
82.6%,82599587,-440780.99415747216,85310.65818788565,297.6866256764206,339.72698265284464,32.4
82.8%,82799586,-440661.92663434613,85992.5079907017,300.0659012714044,340.7418851609922,32.4
83.0%,82999585,-442172.8234235826,85453.66617909477,298.18564382083633,339.28319117354926,32.4
83.2%,83199584,-441375.74959805,85476.37146358402,298.26487260265793,339.4906986521124,32.4
83.4%,83399583,-442389.8742152797,86011.7399910467,300.13301022835446,339.82438031809954,32.4
83.6%,83599582,-440444.75409722514,85422.35212096898,298.076375219495,340.7098985331479,32.4
83.8%,83799581,-442233.05282548163,85765.70986638719,299.27450228596655,341.25597939020304,32.4
84.0%,83999580,-441365.66994771734,85082.28235225508,296.88972135826174,339.73863863190934,32.4
84.2%,84199579,-440838.7622419954,85253.40290461964,297.48683666482873,339.6848818111439,32.4
84.4%,84399578,-441654.54899352277,84919.42377608921,296.3214357415395,340.36745849429866,32.4
84.6%,84599577,-442111.33747001085,85480.38617775799,298.2788817164181,338.3436842805269,32.4
84.8%,84799576,-441110.47418249864,84799.41939821816,295.90268738027197,339.45547753251554,32.4
85.0%,84999575,-440857.6596682416,85219.27401299111,297.3677458641858,340.8038280239879,32.4
85.2%,85199574,-442242.8281955477,85571.80920218746,298.5978970918663,339.43916785486044,32.4
85.4%,85399573,-441468.13787110196,84131.52524038951,293.5721092042706,340.9654097510878,32.4
85.6%,85599572,-441335.50025606854,85005.74189842807,296.62263785531513,340.6907598082412,32.4
85.8%,85799571,-442446.8431695183,85358.85523207975,297.8548064847566,341.130771953877,32.4
86.0%,85999570,-440923.5113542052,84808.186517064,295.9332797362748,341.044773114705,32.4
86.2%,86199569,-439640.84045432415,85250.75353258257,297.4775918337768,341.6665181822998,32.4
86.4%,86399568,-441692.1359237018,84997.37197519164,296.59343149050267,339.4889222983681,32.4
86.6%,86599567,-442114.78097308846,85525.19248314749,298.43523073708855,340.23240465057853,32.4
86.8%,86799566,-442203.61731207604,85883.88798666216,299.68687802659156,339.1197421599352,32.4
87.0%,86999565,-441846.8171351976,85818.53862046625,299.45884517904153,339.637013098461,32.4
87.2%,87199564,-442114.563603736,85781.02933638444,299.32795869372967,340.3651551309031,32.4
87.4%,87399563,-441833.3220815384,85934.18598026782,299.862389976831,340.38352622697613,32.4
87.6%,87599562,-441706.13459646096,85798.5906563166,299.38923790765296,340.0783116293859,32.4
87.8%,87799561,-441926.65942987846,85444.324395245,298.15304620441765,340.40917349227306,32.4
88.0%,87999560,-442078.44626725884,85659.41562823567,298.9035946671965,340.75853423231604,32.4
88.2%,88199559,-441082.54930313816,86209.71869093698,300.823845492998,341.17731595609143,32.4
88.4%,88399558,-442316.94454497425,86528.48754146151,301.93617102768565,339.97054335511916,32.4
88.6%,88599557,-440816.7379457643,84825.68495140213,295.99433951454154,341.226644127268,32.4
88.8%,88799556,-440844.9185300986,85881.85970453196,299.67980045297907,341.1980325169616,32.4
89.0%,88999555,-441685.5339545449,84845.85005849245,296.06470449370863,341.77481631678216,32.4
89.2%,89199554,-440622.9001621655,85066.90559582482,296.8360650527918,340.2530125838725,32.4
89.4%,89399553,-442395.2968956535,85063.65175567102,296.8247109650793,341.9715746876377,32.4
89.6%,89599552,-441267.3370080567,85229.56928516214,297.4036706231563,339.2614829515911,32.4
89.8%,89799551,-441077.29076054273,86009.09224091796,300.1237710568582,340.7633549074009,32.4
90.0%,89999550,-442067.83317487733,85541.28080186842,298.4913699981676,340.559246871181,32.4
90.2%,90199549,-442045.4776375727,85107.31908871981,296.97708560740074,339.8081280029923,32.4
90.4%,90399548,-440207.54962674156,85483.85562919371,298.2909881672741,340.84098271031473,32.4
90.6%,90599547,-441445.52833383996,85649.60895774525,298.8693748556346,339.99668836827357,32.4
90.8%,90799546,-442269.89833849156,86292.47254800316,301.11261030849715,340.7266063542949,32.4
91.0%,90999545,-440557.42389080534,84640.25474478194,295.34729149405064,340.52520315769186,32.4
91.2%,91199544,-441867.16955054784,85978.02826943074,300.0153751184307,339.26813330785313,32.4
91.4%,91399543,-441840.971918731,85788.97144737281,299.35567223235535,340.7939890019136,32.4
91.6%,91599542,-441246.9793625758,85302.17160304135,297.65701222765017,339.74894062581023,32.4
91.8%,91799541,-441811.4396038046,84307.59773607162,294.18650403168584,340.9572253262449,32.4
92.0%,91999540,-441547.6469164011,85419.46276632533,298.0662929829665,340.09604700391384,32.4
92.2%,92199539,-442885.19160954934,86075.43520508315,300.35527100726546,339.28425861261525,32.4
92.4%,92399538,-440097.9404238844,85216.96254113119,297.35968011633037,341.432363449699,32.4
92.6%,92599537,-442206.01333800657,85645.2722836925,298.8542422814305,339.7632396337596,32.4
92.8%,92799536,-442752.72292552143,84853.89399313065,296.09277334009283,340.4188726393132,32.4
93.0%,92999535,-442155.68346461374,85065.88601879613,296.8325072975038,339.8543599446092,32.4
93.2%,93199534,-441786.27293192875,84779.78762718593,295.8341834465458,340.56875546890336,32.4
93.4%,93399533,-442174.2381170187,84968.25799559592,296.4918399364114,339.84576987329575,32.4
93.6%,93599532,-442457.2214973038,84593.32955091563,295.18354873414245,339.4755012439726,32.4
93.8%,93799531,-441130.85045844596,85387.62005857565,297.95517968922627,339.749553899086,32.4
94.0%,93999530,-441888.84216545895,85663.20363342215,298.91681269300904,339.90801396113847,32.4
94.2%,94199529,-441809.3513583485,85291.60552939284,297.6201425225291,340.9316373187875,32.4
94.4%,94399528,-441524.5462240977,85582.3503256659,298.63467973480675,338.7205212403593,32.4
94.6%,94599527,-440549.5382575672,85774.48658715573,299.3051281473254,342.21183546460713,32.4
94.8%,94799526,-440648.4597345507,85448.5193874813,298.1676843880876,340.32241584089724,32.4
95.0%,94999525,-441603.4168956247,86150.4445494914,300.6170117921262,340.56576222886923,32.4
95.2%,95199524,-440954.1832724586,85468.09042524267,298.2359763965649,341.03734689231544,32.4
95.4%,95399523,-440924.3109914032,85165.53467961797,297.1802255571367,340.89848110674603,32.4
95.6%,95599522,-441585.5335524143,85189.43795463664,297.26363465787597,341.3779370334227,32.4
95.8%,95799521,-441512.72605037736,84735.487436327,295.6796004833647,341.4465425600049,32.4
96.0%,95999520,-441880.6004212289,85153.69462907373,297.1389103830515,341.7642509767704,32.4
96.2%,96199519,-441901.7284645224,85093.4749356698,296.92877723310914,340.5165915576767,32.4
96.4%,96399518,-442445.6299213432,85883.15555875353,299.68432226161093,339.09820745006556,32.4
96.6%,96599517,-441376.6019182489,85471.43298410554,298.2476400631002,339.86717792058107,32.4
96.8%,96799516,-441453.664994108,85713.70211466246,299.0930242332963,339.8572631714206,32.4
97.0%,96999515,-442000.6226469921,85486.71636940731,298.3009705553979,340.5135647139758,32.4
97.2%,97199514,-441523.6471886472,85531.79551324496,298.4582716301107,340.292873077178,32.4
97.4%,97399513,-441561.3669156814,85798.13014038745,299.3876309638556,340.5736512036072,32.4
97.6%,97599512,-440296.7893200861,85421.32300030382,298.0727841622375,340.1917120357102,32.4
97.8%,97799511,-441344.3869587998,85229.9327944183,297.4049390677583,340.01892982873943,32.4
98.0%,97999510,-441232.154044569,85875.23473243235,299.65668299460486,341.2795597562111,32.4
98.2%,98199509,-441155.81013759924,85418.65800682106,298.0634848210511,340.05068586670166,32.4
98.4%,98399508,-441112.769837277,85013.459804171,296.6495690426568,340.66792400854905,32.4
98.6%,98599507,-443039.70718412986,84983.00211548398,296.5432886931233,339.2426605167529,32.4
98.8%,98799506,-441423.7082994017,84835.4496258503,296.0284127833341,340.59869006373776,32.4
99.0%,98999505,-440362.7708071228,85419.4897109326,298.0663870046208,341.538626824545,32.4
99.2%,99199504,-441826.9196164473,85738.45711413195,299.17940537742567,339.89583677375214,32.4
99.4%,99399503,-440819.6334293443,85219.56793344085,297.36877148265785,340.8079753919469,32.4
99.6%,99599502,-442162.0521764518,85647.63777999172,298.8624965444538,339.8946482031148,32.4
99.8%,99799501,-441824.6125687468,85464.58902082022,298.22375844760296,341.9014581808489,32.4
100.0%,99999500,-440925.01792463195,86243.56686197122,300.94195673530385,341.1822865886718,32.4
