#"Progress (%)","Step","Potential Energy (kJ/mole)","Kinetic Energy (kJ/mole)","Temperature (K)","Box Volume (nm^3)","Speed (ns/day)"
0.2%,199999,-441274.7082813713,84853.15038988233,296.0901785794083,341.1521346249655,0
0.4%,399998,-440922.28479931457,85904.56902264128,299.75904330988544,341.63564710904865,32.7
0.6%,599997,-441587.25514129223,85249.80777098663,297.4742916531878,339.60750256953276,32.7
0.8%,799996,-440130.5767528103,85850.82083174743,299.5714920950283,341.0937849413359,32.6
1.0%,999995,-441156.1130362223,85492.86731103915,298.32243391177104,340.890250536487,32.6
1.2%,1199994,-440589.4242180567,85328.64924868254,297.7494044463273,341.3358095544064,32.6
1.4%,1399993,-439761.16925295955,84689.98486629484,295.5208218873463,341.63414557042375,32.6
1.6%,1599992,-441304.11694634194,85066.32968144701,296.8340554327578,341.4836887571303,32.6
1.8%,1799991,-440532.4899180033,85433.33896978025,298.11471319529915,340.2388721938266,32.6
2.0%,1999990,-441396.15855131485,85696.73593151418,299.03382171488533,340.1335707771521,32.6
2.2%,2199989,-440509.41746713826,85839.96234608302,299.5336020350281,340.5064926552678,32.5
2.4%,2399988,-441417.20481735,84995.43483807286,296.5866719621552,341.2715123848963,32.5
2.6%,2599987,-442420.77928973595,85803.13871537097,299.4051080976389,339.0943942836173,32.5
2.8%,2799986,-441294.0146184019,85109.1948429303,296.98363094362696,341.2224178379125,32.5
3.0%,2999985,-440773.24299462885,86314.08774426827,301.1880352902775,341.6224335075553,32.5
3.2%,3199984,-441354.8873310094,85102.19193885336,296.95919471339636,340.4323716883733,32.5
3.4%,3399983,-441700.7193140704,85262.97061782493,297.52022264871425,340.57721882544854,32.4
3.6%,3599982,-440893.58146076836,85438.40232029365,298.1323814651375,340.69767763706295,32.4
3.8%,3799981,-441095.2324265605,84153.70104165259,293.6494903848862,339.5326081306892,32.4
4.0%,3999980,-441085.3721797252,85378.53063380292,297.92346266526454,339.6283724585907,32.4
4.2%,4199979,-442070.2012518002,84896.54595490324,296.24160490285715,340.69850045521713,32.4
4.4%,4399978,-441007.8155643493,85760.8887771648,299.25767937294273,340.6212250913358,32.4
4.6%,4599977,-442331.33669428155,86316.3297686578,301.195858705187,339.53586070299787,32.4
4.8%,4799976,-441022.41470122244,85523.49677083758,298.42931364669937,340.3295138571402,32.4
5.0%,4999975,-441394.0173139032,85038.00253567728,296.7352094899606,339.6448341978679,32.4
5.2%,5199974,-442375.04855993064,86434.9900567435,301.6099169426024,340.03283842953215,32.4
5.4%,5399973,-441572.2996700071,85763.21236057335,299.26578738334916,341.07828251695946,32.4
5.6%,5599972,-441725.28668943467,84300.84844442409,294.1629527674132,340.6850050716852,32.4
5.8%,5799971,-441342.43342563184,85729.3738109704,299.1477097144734,340.2477720256965,32.4
6.0%,5999970,-441396.4016788895,85175.12083413871,297.2136758909298,341.27993472038156,32.4
6.2%,6199969,-441094.6117029772,84741.05504910334,295.6990283473112,340.55474425181205,32.4
6.4%,6399968,-441925.49980526324,85597.06187716057,298.6860148459867,339.78500398909677,32.4
6.6%,6599967,-441365.348263782,84750.4437612721,295.73178971739475,339.6125058877326,32.4
6.8%,6799966,-441204.5891551939,86259.3081821382,300.9968851649249,339.7316949549256,32.4
7.0%,6999965,-440966.56653711805,85535.14406058233,298.4699561930827,340.2268023302467,32.4
7.2%,7199964,-441497.1327061611,84856.81134155067,296.10295325929076,340.80808970107296,32.4
7.4%,7399963,-440423.43201606907,85403.19520433643,298.00952826283276,340.4450390735426,32.4
7.6%,7599962,-440533.2055611545,86613.9639612753,302.23443606900355,339.06681388291474,32.4
7.8%,7799961,-441556.34942955244,85897.9798075867,299.73605062365937,340.5764113496557,32.4
8.0%,7999960,-441917.57585492544,85102.24536318117,296.95938113450967,340.73805829308793,32.4
8.2%,8199959,-440442.4860455934,85132.14509852661,297.06371453801006,340.87079893545405,32.4
8.4%,8399958,-440842.8189962604,85646.02533487545,298.8568700101385,341.84874293026695,32.4
8.6%,8599957,-441108.78483965434,85524.37238889316,298.4323690654464,342.1526271838545,32.4
8.8%,8799956,-440297.06117399316,85408.04465740314,298.0264501498568,339.3242782151483,32.4
9.0%,8999955,-440704.12364118313,85296.62622310611,297.6376619439215,340.61205555390006,32.4
9.2%,9199954,-442401.29992869217,85015.32644380466,296.6560825740924,340.7026585624429,32.4
9.4%,9399953,-442346.38955469383,84757.19195830773,295.7553371620823,339.42954722107777,32.4
9.6%,9599952,-441790.68094094517,84908.881472604,296.28464898103346,340.4846450753503,32.4
9.8%,9799951,-442332.15324850474,85396.0497213063,297.9845945115613,340.4890140008676,32.4
10.0%,9999950,-440554.33537282655,85572.04167792713,298.59870830256335,339.26173908192396,32.4
10.2%,10199949,-442048.52436862234,85401.27193362144,298.00281712050224,339.9776491978207,32.4
10.4%,10399948,-441389.60644034296,85486.89099117083,298.301579887979,339.2192863471535,32.4
10.6%,10599947,-441250.4182485081,84517.53484279732,294.91906746787225,341.51522325648824,32.4
10.8%,10799946,-442906.83525990276,85122.42863921239,297.029809513149,338.9683243659456,32.4
11.0%,10999945,-440816.89080687985,84683.21480619686,295.49719815276256,340.7870525872082,32.4
11.2%,11199944,-440710.911170261,85529.35242712148,298.4497466218669,341.39734707464146,32.4
11.4%,11399943,-441353.36598885246,84256.29505327228,294.0074862764008,340.2190126181867,32.4
11.6%,11599942,-441318.96061948827,86009.18594031571,300.1240980155072,341.2309740944585,32.4
11.8%,11799941,-441645.6810154766,86117.07021007541,300.5005539579475,340.4846333170317,32.4
12.0%,11999940,-440624.70019719517,85138.2443144815,297.0849974006142,340.87646745110226,32.4
12.2%,12199939,-441683.3836661759,86036.06408320018,300.2178877462358,338.68735518598027,32.4
12.4%,12399938,-441379.38903128635,85130.44215913583,297.05777222913866,340.29415857042056,32.4
12.6%,12599937,-441617.7502232515,85653.6242789356,298.8833860875434,339.58865649121884,32.4
12.8%,12799936,-441347.5468428214,84825.9666515686,295.9953224910393,339.7579762377818,32.4
13.0%,12999935,-441774.0258718692,85550.06516007555,298.5220225099283,342.29351315890136,32.4
13.2%,13199934,-441311.7525497242,85613.42663299991,298.74311871846066,340.3156677180024,32.4
13.4%,13399933,-441759.1842401568,84821.57532426436,295.97999920746366,341.07676742948877,32.4
13.6%,13599932,-441412.4355881945,85316.06861222512,297.7055050403747,339.3047848126525,32.4
13.8%,13799931,-440847.8609861443,85450.87863625243,298.17591685072153,340.1017026664695,32.4
14.0%,13999930,-441302.87133239396,85663.25021934405,298.9169752518989,340.7703756930696,32.4
14.2%,14199929,-442658.2870292929,85305.98766397644,297.6703281523807,339.9953204737603,32.4
14.4%,14399928,-442366.151952581,85588.07605536096,298.65465933862953,339.212159574284,32.4
14.6%,14599927,-441346.5117368549,85667.1205196632,298.9304804418346,340.156686640503,32.4
14.8%,14799926,-441522.22348079644,85575.75295732508,298.61165859815816,340.3990733437769,32.4
15.0%,14999925,-440541.0877478332,86128.56128252244,300.5406513930725,341.84576088208075,32.4
15.2%,15199924,-441722.77028364595,85758.96471697494,299.25096547578516,338.99803202253645,32.4
15.4%,15399923,-441360.3412685455,84518.40338723577,294.92209820363996,340.4002106091022,32.4
15.6%,15599922,-440782.59736973513,85017.7178914193,296.6644273927353,341.0707311217837,32.4
15.8%,15799921,-440930.5798102771,85789.99536896148,299.35924514773507,341.5292607900745,32.4
16.0%,15999920,-440824.9679902005,84932.56346277043,296.3672859210325,341.40816151866426,32.4
16.2%,16199919,-441980.166653187,85259.98057911068,297.5097890809233,339.3861071382161,32.4
16.4%,16399918,-440940.472525178,85193.67425240518,297.27841697482046,340.87293682431977,32.4
16.6%,16599917,-441625.7271283143,85429.47865389031,298.10124284545384,340.3196743680483,32.4
16.8%,16799916,-441759.4394572596,84785.0444001712,295.8525266529537,341.0363679859532,32.4
17.0%,16999915,-442477.2154660262,85111.19863593369,296.9906230638427,340.02624481919304,32.4
17.2%,17199914,-440544.03340541106,85544.18238343194,298.5014948998284,341.67558127693155,32.4
17.4%,17399913,-440688.72529065236,86396.18664071639,301.4745146584425,340.7144492484872,32.4
17.6%,17599912,-440747.6057146732,85207.48203404521,297.3265984331729,339.1998269059752,32.4
17.8%,17799911,-441221.90331023326,85829.99615196779,299.49882557497006,341.0816641141286,32.4
18.0%,17999910,-441326.57462757407,85312.48179569351,297.6929890507798,339.9107714662048,32.4
18.2%,18199909,-440968.94665854983,85814.88176697993,299.44608479952905,341.35207152219346,32.4
18.4%,18399908,-441218.8530498836,84650.4892593302,295.3830042427977,340.2998288841811,32.4
18.6%,18599907,-440952.6311169211,85158.84674113226,297.1568883811867,340.29540578003065,32.4
18.8%,18799906,-441442.8717367188,85418.73311584428,298.06374690965936,339.3147888772147,32.4
19.0%,18999905,-442988.3939059549,85745.65633039718,299.20452662772465,339.2721502896091,32.4
19.2%,19199904,-441250.02893936774,85797.58474658919,299.38572784362515,339.6822599481868,32.4
19.4%,19399903,-440875.90474581113,84837.87054992002,296.0368604583684,340.72559407588557,32.4
19.6%,19599902,-441669.99829744827,85526.8042063053,298.44085475217133,338.6304447814957,32.4
19.8%,19799901,-442144.2603294025,85305.06865643861,297.66712132853576,339.11692244207177,32.4
20.0%,19999900,-440214.095107032,85753.66158540722,299.23246050377526,339.47571928070255,32.4
20.2%,20199899,-441175.3613390727,85362.62709740881,297.86796819146673,341.2070932895468,32.4
20.4%,20399898,-440968.4707939909,85058.44174414035,296.8065309300726,339.65213736148445,32.4
20.6%,20599897,-441449.886341305,84814.1449189278,295.95407123622266,338.04423698082854,32.4
20.8%,20799896,-442507.4916230142,84511.05536838423,294.8964577152908,340.6723800544058,32.4
21.0%,20999895,-440757.342541337,85097.75505702442,296.9437124699318,339.2801963550526,32.4
21.2%,21199894,-442090.47565167863,85268.02012320538,297.53784260675906,340.5959506874112,32.4
21.4%,21399893,-441643.0331414123,85647.36875114427,298.86155778379356,340.78431298442405,32.4
21.6%,21599892,-442158.87722779857,84838.38011382846,296.038638552263,340.84847638092185,32.4
21.8%,21799891,-441581.55786603363,85966.19159551722,299.97407172690384,340.4646220465524,32.4
22.0%,21999890,-440783.975367595,85673.60130869312,298.9530947816957,341.24844510233055,32.4
22.2%,22199889,-440953.3222097042,86161.73814114294,300.6564201293953,339.1268009025584,32.4
22.4%,22399888,-442012.5918148672,84626.22309023066,295.2983288440752,340.735536658515,32.4
22.6%,22599887,-440920.4187035747,84573.66106010164,295.1149166688538,341.3168657305701,32.4
22.8%,22799886,-441875.8059181981,85391.30935124797,297.968053263409,339.75655058116746,32.4
23.0%,22999885,-441152.81108789705,84850.1778538957,296.07980608637683,339.10897897205405,32.4
23.2%,23199884,-441809.5396061647,84751.16679849078,295.734312714104,340.6253236931908,32.4
23.4%,23399883,-441618.4269872424,85662.26333079531,298.91353156117805,340.9592213060231,32.4
23.6%,23599882,-441164.2031356413,85395.13208899566,297.9813924864923,340.24466684963886,32.4
23.8%,23799881,-441372.02786092786,85789.13053243351,299.35622735050737,340.1147878520822,32.4
24.0%,23999880,-442354.5561699574,85975.87679746607,300.0078676809897,339.59949369863773,32.4
24.2%,24199879,-441516.3856734098,86021.17131840118,300.1659203016728,339.7047572419105,32.4
24.4%,24399878,-440574.4883360057,86175.21677803574,300.70345305611943,341.02863184508095,32.4
24.6%,24599877,-441272.18658909854,85926.20702197764,299.8345478616689,339.89316837486405,32.4
24.8%,24799876,-441947.32682019426,85248.79023645713,297.47074102508304,340.46163214076427,32.3
25.0%,24999875,-441370.0183819551,85204.47690413822,297.31611220553464,340.53001756996906,32.3
25.2%,25199874,-441772.5720853335,85096.19136131354,296.9382560438575,339.51854278032624,32.3
25.4%,25399873,-441300.2666645618,85653.29322293549,298.88223088670827,340.7079132475008,32.3
25.6%,25599872,-441450.3736301656,85003.50077660865,296.614817589872,341.1061544678059,32.3
25.8%,25799871,-442532.4123872919,85001.7785674227,296.60880804016085,339.60244156531235,32.3
26.0%,25999870,-441506.35763138207,85146.14044309431,297.1125504863902,340.6343199281026,32.3
26.2%,26199869,-440509.15458062105,85112.31550751254,296.9945203228568,340.48880383562863,32.3
26.4%,26399868,-441413.5677431468,85004.93878553913,296.6198354391689,340.83811863279277,32.3
26.6%,26599867,-442198.96350900084,84681.95613728209,295.4928061001159,340.99299777875063,32.3
26.8%,26799866,-441343.47724428587,85718.06525371247,299.1082491555832,340.99082438406856,32.3
27.0%,26999865,-440560.7537203785,84979.0214848331,296.5293985118529,339.76475053290466,32.3
27.2%,27199864,-441553.77917620447,84768.98679396778,295.79649456143466,339.29012277976597,32.3
27.4%,27399863,-440742.84347016877,85248.7337826204,297.47054403267293,340.3801539090611,32.3
27.6%,27599862,-442190.3883611434,85222.3392606788,297.3784418693555,341.30185974496624,32.3
27.8%,27799861,-442075.27638509776,85236.9884712894,297.42955944561294,340.1937492132643,32.3
28.0%,27999860,-441679.801447724,85013.98677524214,296.65140787784253,341.4544125310176,32.3
28.2%,28199859,-440680.3259390476,85645.02970953434,298.85339583288413,341.0543361038527,32.3
28.4%,28399858,-441184.56137624756,86534.40063262498,301.9568044185557,340.7008502466979,32.3
28.6%,28599857,-441593.2838815148,85750.25028863316,299.22055698025997,339.9171781963024,32.3
28.8%,28799856,-440569.08574242145,85833.2369561689,299.51013417447683,340.51938801440537,32.3
29.0%,28999855,-441255.5268287463,85559.08769420977,298.5535061228615,341.9946629082992,32.3
29.2%,29199854,-440899.39045008505,85349.89131812823,297.8235274235729,338.41333814296564,32.3
29.4%,29399853,-440554.6100235977,85237.56023493633,297.4315545819108,339.434177397701,32.3
29.6%,29599852,-442640.20673346985,86022.58472381887,300.1708522984297,339.8703508417352,32.3
29.8%,29799851,-439604.6599111473,85992.86691881425,300.06715373036974,340.98169980462546,32.3
30.0%,29999850,-441311.2314412589,85875.81298546877,299.6587007752533,338.75015527112146,32.3
30.2%,30199849,-441163.450695015,85092.65164819286,296.92590441890064,340.8763887322265,32.3
30.4%,30399848,-442656.1352152,85483.1137200963,298.2883993182316,340.53130633801777,32.3
30.6%,30599847,-440715.23906872,86441.07630652061,301.6311545604764,340.6530423226463,32.3
30.8%,30799846,-443271.66435909923,85070.39774714567,296.8482507135889,338.6435438978464,32.3
31.0%,30999845,-440402.00250435807,85612.50134975085,298.73988999588295,340.37478791972785,32.3
31.2%,31199844,-441496.5123233418,84875.19371117349,296.16709747879617,340.7876031415658,32.3
31.4%,31399843,-441226.6679458921,85684.00073249557,298.9893829717822,339.8371525017209,32.3
31.6%,31599842,-441722.8071329207,85513.06139547552,298.3929000057173,339.6582070040129,32.3
31.8%,31799841,-441557.8957004328,85511.96176958241,298.3890629245298,340.68753054847093,32.4
32.0%,31999840,-443235.74835326895,85259.70833448571,297.5088390989928,339.4908938889983,32.4
32.2%,32199839,-440303.95943781827,84979.34254284855,296.53051882529667,340.24367399710366,32.4
32.4%,32399838,-441943.62113733357,85426.30080944295,298.09015394037976,341.5623873910198,32.4
32.6%,32599837,-442039.14567838004,86216.16897514305,300.8463533880342,338.8416531269299,32.4
32.8%,32799836,-441154.25690304954,85576.10746198124,298.61289562172726,339.2544510822246,32.4
33.0%,32999835,-442026.14042378124,85265.2598643812,297.5282108426534,340.0970689718095,32.4
33.2%,33199834,-442412.80263746576,85743.259734803,299.1961638455038,340.9986740206141,32.4
33.4%,33399833,-440604.9007469136,85265.71568506234,297.5298014026533,341.59738110691654,32.4
33.6%,33599832,-441072.5663858773,85216.38437181234,297.3576626278095,339.5194368560788,32.4
33.8%,33799831,-440395.45204527816,85883.61581308887,299.6859282925917,339.85143945293663,32.4
34.0%,33999830,-439870.09391669463,84749.99700677756,295.7302307933305,340.4983749205995,32.4
34.2%,34199829,-441280.72499578074,85944.0032837186,299.8966468914954,340.71449583145755,32.4
34.4%,34399828,-441845.35592270363,84675.47103158227,295.4701766974839,339.86654845233625,32.4
34.6%,34599827,-441059.6852358496,85057.79360538808,296.8042692872459,341.01725274499813,32.4
34.8%,34799826,-442055.98265782045,85291.40172035334,297.6194313426304,339.41495042120215,32.4
35.0%,34999825,-441172.81847010646,84922.05792506784,296.3306274526062,340.89729837101135,32.4
35.2%,35199824,-440777.0121717537,86163.28245716216,300.6618089311524,338.97975295493984,32.4
35.4%,35399823,-441846.357021546,85388.54347353383,297.9584018925106,339.9253327776973,32.4
35.6%,35599822,-441894.6025443468,85391.55576952884,297.9689131258001,341.1490837216543,32.4
35.8%,35799821,-440228.95800663996,85619.15467597917,298.76310639435536,341.3899184755026,32.4
36.0%,35999820,-441027.5464931135,84907.19543663051,296.2787656556627,340.52558151758376,32.4
36.2%,36199819,-440906.9285641089,85825.81015853689,299.4842187921129,340.2879288058667,32.4
36.4%,36399818,-441630.2933042622,85266.32706663394,297.5319347834162,339.0922013291689,32.4
36.6%,36599817,-440810.02155470056,85291.17912735383,297.61865461718554,341.26093524249075,32.4
36.8%,36799816,-441789.87515809573,84521.06414169364,294.93138275299333,339.58866671642915,32.4
37.0%,36999815,-440438.5951363249,84790.94939229055,295.873131782676,341.6856331037203,32.3
37.2%,37199814,-440548.442280733,85219.852895441,297.36976584113626,341.233880011586,32.3
37.4%,37399813,-440532.617268573,85626.36967414898,298.788282714701,340.59332744605024,32.3
37.6%,37599812,-441690.31357109034,85003.98993279424,296.61652447219376,340.9178426985147,32.3
37.8%,37799811,-440177.53768379195,85533.289110407,298.46348345133833,342.03273099017787,32.3
38.0%,37999810,-441436.3854580363,85695.24592590067,299.02862242615936,340.86693883422737,32.3
38.2%,38199809,-441453.87512574065,84790.19945876265,295.8705149328457,340.11915402043087,32.3
38.4%,38399808,-441873.9979759138,86158.7128914493,300.64586369492093,340.19822356272437,32.3
38.6%,38599807,-441432.5897920951,86011.8122965506,300.13326253424367,340.7753600438087,32.3
38.8%,38799806,-439669.2348461617,85431.3974985762,298.1079385434109,341.4253162918722,32.3
39.0%,38999805,-441019.44156151265,85581.56306121405,298.6319326208685,341.41235371399836,32.3
39.2%,39199804,-441590.1905603302,85143.4062552827,297.1030096955805,339.656883913944,32.3
39.4%,39399803,-441094.770170514,85897.44168608141,299.7341728796762,340.8061195487608,32.3
39.6%,39599802,-443097.2453217986,85117.86810271931,297.01389578385965,340.3562135782354,32.3
39.8%,39799801,-441622.0859377659,85995.37431260408,300.0759031365095,339.51636976377745,32.3
40.0%,39999800,-440666.2552534272,86049.23960752567,300.2638629791233,341.1842938605085,32.3
40.2%,40199799,-440926.8050536169,84450.62945066555,294.68560495748585,341.95038458668915,32.3
40.4%,40399798,-441985.74271961395,85158.21808277769,297.15469471408517,341.0675096123924,32.3
40.6%,40599797,-442610.23087339895,85570.42803341127,298.59307758301236,340.5951263513359,32.3
40.8%,40799796,-441341.7539010523,85125.02287530934,297.0388619505151,341.42229350988123,32.3
41.0%,40999795,-439944.2123469217,85348.78821894003,297.8196782225223,342.74270352498627,32.3
41.2%,41199794,-441516.0952663366,85448.83367628264,298.16878108074883,340.4784410583903,32.3
41.4%,41399793,-441404.2971367864,85582.27314512176,298.63441041774547,340.13143191024085,32.3
41.6%,41599792,-440982.0529757417,84623.83083225804,295.28998119773485,340.93929057756253,32.3
41.8%,41799791,-441223.43801166164,85849.572497888,299.5671361059617,340.9179311809383,32.3
42.0%,41999790,-440890.4128073021,85509.10751176791,298.3791031563642,339.4259015366559,32.3
42.2%,42199789,-441717.82397105964,85591.61494621693,298.667008094341,340.22563130179145,32.3
42.4%,42399788,-442387.82665476575,85688.13113558386,299.00379577534227,339.2043770387241,32.3
42.6%,42599787,-442117.18030215846,85663.99577672919,298.9195768314313,340.48474585293343,32.3
42.8%,42799786,-440937.79807057325,85521.67154131133,298.4229446134473,340.62398721602267,32.3
43.0%,42999785,-441430.8891997342,84207.36950598378,293.8367633984972,340.47151034459506,32.3
43.2%,43199784,-441088.97188357404,85727.5096769922,299.1412049263781,341.5067104863509,32.3
43.4%,43399783,-441357.2844933993,86227.69968321123,300.8865891293752,339.99571939783425,32.3
43.6%,43599782,-441323.57202511,85363.28088904312,297.8702495596995,340.99560613406214,32.3
43.8%,43799781,-440914.0375994798,85722.52374594484,299.1238068073052,341.02083516763656,32.3
44.0%,43999780,-442207.654710297,84875.71857126802,296.1689289478507,341.7556218377775,32.3
44.2%,44199779,-441075.60954688536,84858.69758711092,296.10953520447737,341.04901632319326,32.3
44.4%,44399778,-441842.14316896955,85757.22662953178,299.24490051981047,341.2020504205356,32.3
44.6%,44599777,-440580.0663416865,85265.62172426423,297.52947353186283,340.3056139283186,32.3
44.8%,44799776,-441191.671919649,85496.36867222443,298.3346517098594,340.8809389614119,32.3
45.0%,44999775,-441235.81430015014,85751.21150872731,299.22391110238766,341.1353438637931,32.3
45.2%,45199774,-441211.5788463545,85269.82926806365,297.54415551348905,340.0674129007382,32.3
45.4%,45399773,-440574.31213334994,85236.47914456809,297.42778217936916,341.2148893359629,32.3
45.6%,45599772,-440831.88014983153,85455.95975966367,298.1936471380628,341.2833471496425,32.4
45.8%,45799771,-441168.9625398633,85560.26880951319,298.55762755665046,341.111869118424,32.4
46.0%,45999770,-441128.5269203293,85708.07568517688,299.0733911318323,340.72604046680885,32.4
46.2%,46199769,-441407.35445548175,86605.35476085253,302.20439476023785,339.3174965529442,32.4
46.4%,46399768,-440843.47854321357,85634.39895635331,298.8163004322615,339.3764063024056,32.4
46.6%,46599767,-441538.909027501,85205.44007857458,297.31947314722686,340.7446671083434,32.4
46.8%,46799766,-440579.40883516567,85592.25065034127,298.6692263472501,342.3121750594448,32.4
47.0%,46999765,-441089.3108145185,85288.74326575105,297.61015481849046,340.4641569372064,32.4
47.2%,47199764,-440439.36020594416,85717.26781424017,299.1054665364975,340.1608642543117,32.4
47.4%,47399763,-442428.2342671659,84904.73153932404,296.2701680279951,338.00957321317566,32.4
47.6%,47599762,-442010.59565816587,85088.97457236587,296.91307347469575,341.2888143387005,32.4
47.8%,47799761,-441841.58539854176,86402.08585119917,301.4950996134771,339.5164543507886,32.4
48.0%,47999760,-441785.230021094,84966.50488559666,296.4857225600928,339.6114452849668,32.4
48.2%,48199759,-440513.72502018325,86124.98636643091,300.5281769293775,340.79349881568265,32.4
48.4%,48399758,-440889.2215533629,85121.95832776872,297.0281683884683,341.62583884612064,32.4
48.6%,48599757,-441380.49269681564,85660.20857672847,298.9063616152681,340.4749025026122,32.4
48.8%,48799756,-440990.1844932693,85357.46763456112,297.84996454317644,340.14916707214786,32.4
49.0%,48999755,-442773.888664288,85935.10187179502,299.8655859275364,339.6846584776626,32.4
49.2%,49199754,-441002.9623290864,85349.02395400451,297.8205008064455,340.0464070115331,32.4
49.4%,49399753,-440799.7509410586,85520.86567887058,298.42013260289855,341.10578856040377,32.4
49.6%,49599752,-441104.7480517668,86101.72211564943,300.44699766688984,340.9677543314443,32.4
49.8%,49799751,-442268.41493756743,85154.07983356557,297.14025453192824,340.211302493684,32.4
50.0%,49999750,-441507.29888820834,85392.2039752613,297.9711750023503,339.46336444813204,32.4
50.2%,50199749,-441066.08917019283,86524.30289440241,301.92156894291537,339.90848490766723,32.4
50.4%,50399748,-441185.20408668276,86040.7864449619,300.2343661554748,340.4415579714265,32.4
50.6%,50599747,-441694.51209624065,84843.05824476117,296.054962620573,340.13694867180266,32.4
50.8%,50799746,-441482.1957569788,85733.1603405744,299.1609225913258,339.4991435233768,32.4
51.0%,50999745,-440396.61894005165,85327.22403669081,297.7444312512107,341.64213700769665,32.4
51.2%,51199744,-442123.19944766955,85414.54529176175,298.04913373884887,339.53778203527406,32.4
51.4%,51399743,-441500.0785102146,85374.81171769416,297.9104857218075,339.79227785069014,32.4
51.6%,51599742,-440927.58672428643,84927.53406428557,296.34973612484123,340.20393324125666,32.4
51.8%,51799741,-441253.9763373672,84783.1481641545,295.845909846645,340.55638025291887,32.4
52.0%,51999740,-441831.08311324613,84925.93924715155,296.34417110235415,340.87521571206815,32.4
52.2%,52199739,-441726.13968796004,84950.71787848865,296.4306347085237,340.60952207443637,32.4
52.4%,52399738,-441451.4247213439,84551.38583988533,295.03718857152995,340.4461896546038,32.4
52.6%,52599737,-441167.0671153725,84878.72458647832,296.1794182647038,340.3448960581071,32.4
52.8%,52799736,-440832.8290480636,85815.79964095552,299.44928766787393,340.6585728768313,32.4
53.0%,52999735,-440904.5280014202,84992.71492318471,296.5771809758895,339.60391466071223,32.4
53.2%,53199734,-441519.97045637853,85562.26139894855,298.56458058266116,340.77446489967696,32.4
53.4%,53399733,-440683.3249926991,84989.64249215508,296.56645990486203,342.40530113091563,32.4
53.6%,53599732,-441544.8936238284,85349.18906356732,297.8210769467504,339.7820473118663,32.4
53.8%,53799731,-441802.30154340575,85483.05970185483,298.2882108246908,340.1897869638983,32.4
54.0%,53999730,-441422.23964768695,85426.81780465366,298.09195796537534,340.81094411700684,32.4
54.2%,54199729,-442339.9287053342,84940.84153365088,296.39617177234175,341.63264424670365,32.4
54.4%,54399728,-441430.3612132524,85468.46884469179,298.23729686942596,339.5908551611786,32.4
54.6%,54599727,-442269.4195688064,84561.60668137018,295.0728536089101,341.39601497885593,32.4
54.8%,54799726,-442016.3858892955,85381.4577305599,297.93367660072255,340.64959645071974,32.4
55.0%,54999725,-441107.1521791406,85812.7559271187,299.43866680383593,339.25127534869017,32.4
55.2%,55199724,-441864.5064787227,85606.71529035992,298.719699875063,339.31326249009726,32.4
55.4%,55399723,-441165.00449399836,85875.41269725177,299.6573039925869,340.6111315018095,32.4
55.6%,55599722,-441026.8311884175,84691.64322864928,295.52660864721815,341.6481335239218,32.4
55.8%,55799721,-440687.2404781077,84691.70805787109,295.5268348650518,340.79105570331154,32.4
56.0%,55999720,-441414.3084888044,85820.03511834191,299.4640671221422,340.48424311546125,32.4
56.2%,56199719,-441467.55091778236,85780.63560319698,299.3265847844611,339.5218633656193,32.4
56.4%,56399718,-440859.7528246213,85248.34266871959,297.4691792632542,341.9984836014976,32.4
56.6%,56599717,-440447.55709703034,85994.72368909296,300.0736328232599,340.0314951600948,32.4
56.8%,56799716,-441388.30771661596,85041.61359319952,296.7478100670954,340.18881474254965,32.4
57.0%,56999715,-440936.93814355787,85406.68817078433,298.0217167679687,341.11573221371293,32.4
57.2%,57199714,-439938.24777415255,85258.24381764623,297.503728751875,340.09984713447125,32.4
57.4%,57399713,-441067.8256247379,85857.4733271806,299.5947055944889,340.14662713910235,32.4
57.6%,57599712,-440907.8471274092,84279.05373895995,294.0869013986271,340.616241654816,32.4
57.8%,57799711,-442176.1159549295,85578.95803241536,298.6228425229916,339.2765286605186,32.4
58.0%,57999710,-440369.7610559156,85352.99034644221,297.83434130429146,339.99940641673015,32.4
58.2%,58199709,-441920.53931042366,85955.42579249875,299.9365050776558,340.2507835490237,32.4
58.4%,58399708,-441489.57233519014,85710.93277676345,299.0833607882822,340.0684376149971,32.4
58.6%,58599707,-442364.72199306823,85491.07732129644,298.3161878457129,339.8483041335523,32.4
58.8%,58799706,-441901.69835536275,85257.1723918065,297.49999007314864,338.98973237528054,32.4
59.0%,58999705,-440508.7230945183,85825.88838258592,299.4844917504243,341.6255940748997,32.4
59.2%,59199704,-440294.9679205129,85318.21455814701,297.71299319500787,341.4280013454905,32.4
59.4%,59399703,-442133.3013583594,85003.10576042521,296.61343920366295,339.16919664915656,32.4
59.6%,59599702,-440767.74708956294,84660.04560635547,295.416350565053,340.4742095263981,32.4
59.8%,59799701,-442343.37590284646,85444.47224618302,298.1535621217459,339.1966659605003,32.4
60.0%,59999700,-440737.9527060604,84714.02641745412,295.60471349471,340.40234923303353,32.4
60.2%,60199699,-441470.243140331,85527.99824574031,298.4450212839727,340.751127609334,32.4
60.4%,60399698,-441507.0691731139,86148.54036553163,300.61036725192827,341.0949850310919,32.4
60.6%,60599697,-441888.6641727793,85010.50863006694,296.6392710906836,338.7801827153242,32.4
60.8%,60799696,-440432.0939401346,85539.78678854069,298.4861567247538,340.71545248721185,32.4
61.0%,60999695,-441019.8833672148,85579.46194951818,298.6246009126834,340.0981797143271,32.4
61.2%,61199694,-441706.26614929084,85288.3705975604,297.60885441431435,341.4203505327371,32.4
61.4%,61399693,-441186.7799718282,86146.09698455839,300.6018412148232,340.70581109905817,32.4
61.6%,61599692,-440748.6524041309,86045.70411289693,300.251526074351,339.78066781299185,32.4
61.8%,61799691,-441375.6794514144,85811.04349962366,299.43269138677147,340.20901642188727,32.4
62.0%,61999690,-441708.3810561639,84997.85283673194,296.59510942913766,341.1643662347199,32.4
62.2%,62199689,-442719.45837033587,86029.65951111098,300.19553936099726,339.49716510420126,32.4
62.4%,62399688,-441981.58433590503,85789.59142064484,299.35783559336187,339.55584261981573,32.4
62.6%,62599687,-440889.3814364197,86122.85426922224,300.520737099031,341.08512716151415,32.4
62.8%,62799686,-439859.6348266662,85783.81901005143,299.3376930992343,340.728741077691,32.4
63.0%,62999685,-441326.7298406963,84899.3120923842,296.2512571801969,339.8470706884239,32.4
63.2%,63199684,-442178.95826468104,84882.82518312545,296.193727060405,339.4187746802617,32.4
63.4%,63399683,-442275.47160493536,85381.54602872138,297.9339847120688,339.8876634027486,32.4
63.6%,63599682,-440995.85242192727,85628.99689403508,298.79745024709865,341.8434273084868,32.4
63.8%,63799681,-440873.40542448824,85862.22602963482,299.611289875826,340.0947078016867,32.4
64.0%,63999680,-440914.0628298139,85743.09053433151,299.1955734302088,341.51211533087945,32.4
64.2%,64199679,-440366.31183794467,86185.83892171516,300.74051841438234,341.9691967143128,32.4
64.4%,64399678,-441970.1297352165,85797.27215105668,299.38463705952796,339.9217611794461,32.4
64.6%,64599677,-440599.022620786,85490.24949365668,298.313299188868,342.99302875499444,32.4
64.8%,64799676,-442041.7417163998,85151.6264805327,297.13169369789574,340.5145005093749,32.4
65.0%,64999675,-440874.88808591245,85002.77629795414,296.6122895633556,342.43512449511866,32.4
65.2%,65199674,-441088.04752389574,85109.04531678301,296.9831091807525,340.0723424243745,32.4
65.4%,65399673,-441863.16511840466,85219.27545637608,297.3677509007945,341.0204365199439,32.4
65.6%,65599672,-441797.0989430761,84864.60603164742,296.1301523812104,338.966184852068,32.4
65.8%,65799671,-442425.273446735,84905.21074645198,296.2718401936535,340.1942119898959,32.4
66.0%,65999670,-440780.4625912141,85217.18214112148,297.3604463978419,340.06603666167354,32.4
66.2%,66199669,-441747.6728291167,85906.09042917477,299.7643521703123,340.84126690493133,32.4
66.4%,66399668,-441851.8289427599,85433.54562144773,298.11543429438444,339.3606705438917,32.4
66.6%,66599667,-443443.0832964941,85815.84104490021,299.449432144553,339.0468305089037,32.4
66.8%,66799666,-441804.2334820926,85040.49178380216,296.74389557784815,339.6109020619641,32.4
67.0%,66999665,-441779.1248240764,85749.11495161272,299.21659528715145,340.2570046312817,32.4
67.2%,67199664,-441975.7361850701,85637.72038471664,298.82789036513634,340.65349770943874,32.4
67.4%,67399663,-442374.96582056396,85057.23917860189,296.8023346469246,339.84927429858396,32.4
67.6%,67599662,-442018.8987713363,85732.46386062866,299.1584922646902,339.1148188053062,32.4
67.8%,67799661,-441484.71327667683,85628.76005822315,298.7966238221807,340.2233778381376,32.4
68.0%,67999660,-442574.67427470395,85436.45772009715,298.12559589481043,338.7981294123263,32.4
68.2%,68199659,-441742.89287074143,85099.74688510149,296.95066283922665,341.2219025106164,32.4
68.4%,68399658,-440432.0435286197,84335.72237675554,294.28464334465565,340.5260493210489,32.4
68.6%,68599657,-441255.0854533287,86011.8467381912,300.1333827163638,339.83047197248277,32.4
68.8%,68799656,-441266.33134251414,85712.47866249259,299.08875506745164,340.34265338460244,32.4
69.0%,68999655,-441174.9118770417,84758.6197152572,295.76031923768227,339.50445774339727,32.4
69.2%,69199654,-440919.42443438945,85160.7884792909,297.1636639645977,341.31595719168126,32.4
69.4%,69399653,-441230.4937960864,86057.10035096612,300.2912925903794,340.1004733133978,32.4
69.6%,69599652,-441985.95147028565,85421.92834885017,298.0748964911065,339.3806497293858,32.4
69.8%,69799651,-442856.6630404983,85241.69979408826,297.4459993350272,339.11258573743754,32.4
70.0%,69999650,-441730.0378816128,85781.07410733093,299.3281149193675,339.36710593741145,32.4
70.2%,70199649,-440897.2929373956,84767.91990390548,295.7927717100423,340.4669769870855,32.4
70.4%,70399648,-441933.28960377164,85453.06283579546,298.1835384891613,340.07358891488843,32.4
70.6%,70599647,-441631.3178457194,84675.32282858819,295.4696595516764,340.6603420183825,32.4
70.8%,70799646,-441287.88084234484,84451.0454978681,294.6870567302242,341.7196832875128,32.4
71.0%,70999645,-440056.73888859106,85201.163918189,297.3045517319773,340.6925553680591,32.4
71.2%,71199644,-442354.82487491146,85910.91771878583,299.781196719235,340.42250782912976,32.4
71.4%,71399643,-441080.3591336827,84625.47336707351,295.2957127283216,342.7592043450018,32.4
71.6%,71599642,-440952.1151411771,84763.25945531018,295.77650934322975,339.90440152593277,32.4
71.8%,71799641,-442490.03752339864,85283.25598608702,297.59100727231015,340.92196259899293,32.4
72.0%,71999640,-441843.055418774,86109.52000431775,300.4742079500406,340.1104497123094,32.4
72.2%,72199639,-441155.3105308255,85783.25076341059,299.3357102353266,341.05677512494304,32.4
72.4%,72399638,-441452.1273330264,85666.95220278611,298.92989310979135,341.125361793411,32.4
72.6%,72599637,-442027.8322795727,84816.15451490448,295.9610836055793,340.93465519718336,32.4
72.8%,72799636,-440679.8017910281,85350.02549468039,297.8239956249197,340.64313749954084,32.4
73.0%,72999635,-441441.9703897992,85003.06191046274,296.6132861917458,339.2210167997873,32.4
73.2%,73199634,-441726.8211975014,84812.68826027936,295.9489883098096,337.68541126993915,32.4
73.4%,73399633,-442597.0109327948,86060.51873384416,300.3032208404463,340.4128788827003,32.4
73.6%,73599632,-440885.1066518966,84889.9209210879,296.21848722912955,340.57527131349644,32.4
73.8%,73799631,-442217.91686472576,85391.40614694054,297.9683910264003,340.72367945155645,32.4
74.0%,73999630,-441729.7107891231,84556.6048958801,295.05540016667294,339.65370806724707,32.4
74.2%,74199629,-440971.3805493759,85821.52005230775,299.46924871364587,340.37430783630145,32.4
74.4%,74399628,-442142.09863426257,85689.9037559341,299.00998123190624,339.161795895636,32.4
74.6%,74599627,-441909.94174333615,85575.61624665497,298.6111815541528,340.24646162183143,32.4
74.8%,74799626,-441361.4744852064,84743.17789474333,295.7064358948419,340.5566725805983,32.4
75.0%,74999625,-442092.45736253494,85477.12688402532,298.26750859875636,338.871079107023,32.4
75.2%,75199624,-441480.6521037021,84734.78551087074,295.67715115493394,340.0558842289197,32.4
75.4%,75399623,-442045.21666861605,86136.32031995099,300.56772610706093,340.0457241526843,32.4
75.6%,75599622,-440276.5637747175,85353.24515075498,297.83523042925765,340.30601847830707,32.4
75.8%,75799621,-441012.574547905,85538.23714143626,298.4807493204821,341.64918833291625,32.4
76.0%,75999620,-441497.51628893847,85625.70490240282,298.7859630320006,341.2023482731681,32.4
76.2%,76199619,-442075.92315289564,84867.88063012727,296.1415789039054,340.17063566054776,32.4
76.4%,76399618,-441148.66635792004,85595.48537520622,298.6805137332637,340.46722614577857,32.4
76.6%,76599617,-440686.1796667655,85776.92698899502,299.3136437889142,341.59278878775,32.4
76.8%,76799616,-442149.60644336,85008.98822454427,296.6339657232264,339.9057690606993,32.4
77.0%,76999615,-441796.76969079394,85249.311055672,297.4725583937209,341.2612306424807,32.4
77.2%,77199614,-441561.4562702845,84818.56917891628,295.96950943650216,339.12538285368544,32.4
77.4%,77399613,-442537.80739676254,85611.89679205275,298.7377804266334,338.8163873088426,32.4
77.6%,77599612,-441122.0475945971,84991.90994128128,296.57437203792495,340.19040886624424,32.4
77.8%,77799611,-441135.1458505676,85476.24489728257,298.26443095684255,340.5296280084857,32.4
78.0%,77999610,-441560.1849067756,85898.82915125828,299.7390143594575,339.81484275340114,32.4
78.2%,78199609,-441602.17192643415,85263.53645078873,297.522197090235,340.3086737628744,32.4
78.4%,78399608,-442452.44292346295,85293.67783889966,297.62737372713525,340.64059003156655,32.4
78.6%,78599607,-440661.78306061635,85533.79410057692,298.465245585436,339.5638881301513,32.4
78.8%,78799606,-440410.4731670059,84998.21664993062,296.59637893432955,341.56603429797536,32.4
79.0%,78999605,-442118.5816850234,86140.96113959781,300.58391997978896,340.5397539958364,32.4
79.2%,79199604,-441444.1353353779,85165.88899206114,297.1814619099897,340.5707437444163,32.4
79.4%,79399603,-440374.003548658,85295.61950406118,297.6341490558269,341.66046658095695,32.4
79.6%,79599602,-441500.7066459507,85070.18585647456,296.8475113333024,341.9859380730162,32.4
79.8%,79799601,-441058.4820039924,85781.82312776317,299.3307285830031,340.16136844741055,32.4
80.0%,79999600,-441341.17789583886,85587.22999790561,298.6517070698936,340.70218985458325,32.4
80.2%,80199599,-440973.50904200226,84805.57968411664,295.9241833429251,339.5676569773796,32.4
80.4%,80399598,-440476.4685470783,85826.8363979251,299.48779979532054,339.2996211408447,32.4
80.6%,80599597,-440853.88116791844,84972.72549525055,296.50742901901424,339.23498908815407,32.4
80.8%,80799596,-442109.64806562196,85490.87450345047,298.31548012452686,339.8206322138188,32.4
81.0%,80999595,-442233.4760247404,85439.54501274403,298.1363688245948,339.1222911740582,32.4
81.2%,81199594,-440373.76422697306,85728.24770686764,299.1437802390991,339.6060765582366,32.4
81.4%,81399593,-440997.6961796996,85855.58959603265,299.5881324231991,340.60060340794877,32.4
81.6%,81599592,-442480.18280522386,84968.39460919512,296.4923166416933,338.66017377159443,32.4
81.8%,81799591,-441683.03485311056,85668.00837636943,298.9335785666478,340.58660498320484,32.4
82.0%,81999590,-440275.93157236,86279.544820969,301.0674997499783,340.91894966099227,32.4
82.2%,82199589,-442140.51368761435,85264.30011474772,297.52486185161337,341.38108747820485,32.4
82.4%,82399588,-440966.6924687126,84819.65553907736,295.9733002276822,339.892244006081,32.4
82.6%,82599587,-440805.9576434954,84753.90868844581,295.74388038109925,341.3106924575536,32.4
82.8%,82799586,-440455.1251242906,85947.46697992028,299.9087332597939,341.38323857801305,32.4
83.0%,82999585,-442227.109934506,85490.11529646449,298.312830915499,339.88556785745027,32.4
83.2%,83199584,-441062.5051931306,85536.48725097394,298.4746431785522,342.3765527694334,32.4
83.4%,83399583,-441334.6419239091,85720.55835045411,299.1169486729972,341.61863309847087,32.4
83.6%,83599582,-441800.90426031034,85169.21967218025,297.1930841263332,340.1736107607819,32.4
83.8%,83799581,-441526.75572290225,85516.02517978824,298.40324196028695,340.2757704241861,32.4
84.0%,83999580,-441854.8289881642,85572.68412414851,298.6009500816316,340.9549497038131,32.4
84.2%,84199579,-441640.3493720172,85213.53843391384,297.34773189151133,340.1035308479264,32.4
84.4%,84399578,-441502.8424569387,84458.43782083527,294.7128518152318,340.7354352134401,32.4
84.6%,84599577,-441892.18936658883,85141.19774283876,297.0953032186741,338.75672580899277,32.4
84.8%,84799576,-440675.7067406946,86147.11793847202,300.60540377467174,342.02571719359,32.4
85.0%,84999575,-441804.5999120781,85426.19588366308,298.0897878079172,340.10344583644496,32.4
85.2%,85199574,-441005.43731998326,85785.19542090798,299.34249600560184,340.72044784676393,32.4
85.4%,85399573,-441064.8675912558,85219.64040524198,297.3690243688317,340.04164508016333,32.4
85.6%,85599572,-442666.6802325626,85194.3386030253,297.28073518802586,340.0711292223668,32.4
85.8%,85799571,-440992.08526880154,85834.21724597178,299.5135548392543,341.48871577644456,32.4
86.0%,85999570,-441038.2319711037,84740.1322302405,295.69580822406726,340.43715998454337,32.4
86.2%,86199569,-442014.0058639939,85219.45199426485,297.3683669195842,339.9608988879812,32.4
86.4%,86399568,-441380.54319821903,85931.28790522553,299.852277310974,341.4358894423824,32.4
86.6%,86599567,-441099.0912048784,85868.07556812081,299.63170150329023,339.7510074880397,32.4
86.8%,86799566,-442101.32902165595,85316.33401888437,297.70643116161796,340.8758627005701,32.4
87.0%,86999565,-442654.94045397174,85257.09138143825,297.49970739213694,339.89256075479636,32.4
87.2%,87199564,-441386.31815624284,85197.39707431421,297.2914075473425,340.81829301538403,32.4
87.4%,87399563,-441433.0994918728,84778.18642878346,295.82859615699033,342.1025061859682,32.4
87.6%,87599562,-442572.1588840019,85520.457689584,298.4187089477937,339.1523646355137,32.4
87.8%,87799561,-440970.11601024074,85229.16408140596,297.40225668799917,340.88978022565476,32.4
88.0%,87999560,-441310.8525087829,84683.23254462448,295.49726004998354,340.5364677249459,32.4
88.2%,88199559,-440406.1152433711,84489.94812214468,294.82280519585373,340.53445806591776,32.4
88.4%,88399558,-440599.50386008294,85631.52809824422,298.8062827383245,339.8040075088634,32.4
88.6%,88599557,-441158.1279914412,85331.07682863262,297.7578753466725,340.2565056039099,32.4
88.8%,88799556,-441505.04782905476,85033.1401599287,296.7182425099828,340.1706866567813,32.4
89.0%,88999555,-441202.17799122725,84753.18997051899,295.74137245631005,339.9731470793879,32.4
89.2%,89199554,-441858.6068517985,85442.99515334456,298.1484078914043,341.3464910606488,32.4
89.4%,89399553,-442253.46536553,85564.3629195285,298.5719137176237,339.71187263456795,32.4
89.6%,89599552,-441422.5430115671,85488.9403252271,298.30873092107447,340.26989493323737,32.4
89.8%,89799551,-441427.94599321904,85936.55208789988,299.87064637306486,340.1867238238804,32.4
90.0%,89999550,-441227.60914748255,84697.22389382799,295.54608205677056,341.02929475763506,32.4
90.2%,90199549,-441283.48091938114,85352.02000411072,297.83095535064217,341.02980566708794,32.4
90.4%,90399548,-442096.9924053196,85479.52352441591,298.2758715372917,339.64874455872814,32.4
90.6%,90599547,-442271.935246333,85644.6872741637,298.8522009243913,339.1678052666278,32.4
90.8%,90799546,-442866.88662305335,85480.16982585634,298.27812676892466,339.41040947946317,32.4
91.0%,90999545,-442154.0874421401,84799.76203144318,295.9038829791663,338.9288972522932,32.4
91.2%,91199544,-440887.5202683122,86035.9069452401,300.21733942237927,339.8210718094485,32.4
91.4%,91399543,-441315.0825324203,85662.80199521268,298.91541119962164,340.69750835744117,32.4
91.6%,91599542,-441221.2594412514,85770.71762110025,299.2919765574634,341.5007497158386,32.4
91.8%,91799541,-441258.54748917604,85962.69763311348,299.9618797464373,338.46679715662435,32.4
92.0%,91999540,-441344.4649821152,85537.53938672412,298.4783145456226,340.0853335213735,32.4
92.2%,92199539,-441361.5982545493,85499.99829710975,298.3473170767377,340.0446878099411,32.4
92.4%,92399538,-441402.4572461038,86023.32169675824,300.17342392303317,340.0472068620217,32.4
92.6%,92599537,-441653.8713643546,85568.06256249454,298.5848234085598,340.21816588242183,32.4
92.8%,92799536,-440564.19055049866,85220.96369723335,297.3736419199802,341.4918450173865,32.4
93.0%,92999535,-440337.94072474726,84235.72630140866,293.93571280205754,341.57118515822236,32.4
93.2%,93199534,-441135.38048301823,85165.6901120817,297.18076792976206,340.1379898734708,32.4
93.4%,93399533,-441630.60750077665,85378.37038337253,297.9229034806222,340.87135945000375,32.4
93.6%,93599532,-442356.2332160645,85708.0118548494,299.0731683995828,339.375673887724,32.4
93.8%,93799531,-441989.94956404855,84482.99995439244,294.798559964874,340.2452295252543,32.4
94.0%,93999530,-441301.9473271449,84983.40728429519,296.54470250634193,340.5215049068312,32.4
94.2%,94199529,-442164.11143789766,85588.17167327728,298.65499299183847,339.2380789962206,32.4
94.4%,94399528,-442165.83697571326,84534.12875659394,294.97697097383286,339.86952678810314,32.4
94.6%,94599527,-442785.12239152007,85321.12436974968,297.72314681491605,339.5891008888582,32.4
94.8%,94799526,-441787.4990459867,85919.63939790241,299.81163051592114,340.73044432858615,32.4
95.0%,94999525,-442253.36952198483,85392.33485921714,297.97163171437194,339.55032185801934,32.4
95.2%,95199524,-440577.81981008546,85660.01648108894,298.90569130860354,341.2929115691599,32.4
95.4%,95399523,-440571.0917645064,85123.79637458129,297.0345821469024,340.7750483370567,32.4
95.6%,95599522,-441736.67269328283,85409.33125349123,298.0309396527655,339.8953530380403,32.4
95.8%,95799521,-442306.3216532762,84672.48358240078,295.4597521657183,339.51861055709594,32.4
96.0%,95999520,-442170.13757503545,84714.39591655054,295.6060028405143,341.4010895758966,32.4
96.2%,96199519,-442592.5720954016,85509.18116870895,298.3793601780154,339.7932857683707,32.4
96.4%,96399518,-443046.30258752126,86453.87866472593,301.6758276516914,340.5048958259782,32.4
96.6%,96599517,-441202.3900197302,85422.44992990699,298.07671651814786,341.51970379981356,32.4
96.8%,96799516,-441299.5085505531,85304.24595861963,297.6642505719048,339.3912959758788,32.4
97.0%,96999515,-442068.4334247261,86182.60980502842,300.72925059778345,338.93343347626245,32.4
97.2%,97199514,-440976.2294605202,85980.9423673139,300.0255436950676,340.9113755168735,32.4
97.4%,97399513,-441321.1421494726,85438.52302374388,298.1328026528715,341.34089422403946,32.4
97.6%,97599512,-441363.12418233743,85956.78344318869,299.941242521503,339.6084378430324,32.4
97.8%,97799511,-441098.06422387855,85699.1485131731,299.042240279558,340.3453518579069,32.4
98.0%,97999510,-441757.69188270485,86214.32977182337,300.8399355940352,340.73947589995544,32.4
98.2%,98199509,-442751.2215267215,84764.57796079526,295.7811101921404,339.69127519454446,32.4
98.4%,98399508,-440885.22427449096,84984.02775821276,296.5468676143222,340.9517404349196,32.4
98.6%,98599507,-442309.7854452529,84714.4209263183,295.60609011065776,339.7990444817748,32.4
98.8%,98799506,-441694.85497218696,84988.40410438378,296.56213862209677,340.3389286228891,32.4
99.0%,98999505,-441220.5148875448,86239.51330125844,300.9278120687851,341.2619918845351,32.4
99.2%,99199504,-441399.28246055637,84238.38126459025,293.9449771430861,340.23217032947264,32.4
99.4%,99399503,-440823.88684782386,85748.0669545614,299.2129383618322,341.4012049221097,32.4
99.6%,99599502,-440516.4715372361,85551.21954586753,298.5260506726273,341.38777248222596,32.4
99.8%,99799501,-440956.92383482074,85114.11086085369,297.00078510488254,340.7423274934495,32.4
100.0%,99999500,-440952.22815735126,85920.42254823481,299.8143632738766,341.08960438884367,32.4
