#"Progress (%)","Step","Potential Energy (kJ/mole)","Kinetic Energy (kJ/mole)","Temperature (K)","Box Volume (nm^3)","Speed (ns/day)"
0.2%,199999,-451535.5720881494,86714.06971897412,295.9801734122332,346.8044586108146,0
0.4%,399998,-451461.6132930042,86635.29276395321,295.7112849044796,348.7090747193402,32.7
0.6%,599997,-451612.0211760001,87239.31537566596,297.7729885926936,348.3278833603432,32.7
0.8%,799996,-451249.1325607542,86725.09504559333,296.0178060374261,349.5002270009137,32.7
1.0%,999995,-451100.6629778207,86664.26191474675,295.81016498591583,348.780456628515,32.7
1.2%,1199994,-451783.0010854895,87243.28292666099,297.78653099054594,348.806126204795,32.7
1.4%,1399993,-451530.6430020556,87356.43773533823,298.1727610452909,348.11108234353304,32.7
1.6%,1599992,-452065.1512679951,87136.49051319207,297.42201762887254,347.2432760975092,32.6
1.8%,1799991,-450551.1766177877,87748.87579822552,299.51226553727673,350.41099716093686,32.6
2.0%,1999990,-450760.9347913135,87000.07025460835,296.9563758717343,349.4123323785613,32.6
2.2%,2199989,-450905.6516175489,86804.10427319363,296.2874873586014,348.7822577849261,32.6
2.4%,2399988,-451928.3543283115,88038.43622878497,300.50061894668374,347.13282290136164,32.6
2.6%,2599987,-452917.9701176095,87368.1154732326,298.21262053866076,348.2173901048111,32.5
2.8%,2799986,-452084.05852988595,87424.0449291515,298.40352393087124,347.10075529804,32.5
3.0%,2999985,-450958.4252841426,88490.5715753427,302.0438875155983,348.30351491286007,32.5
3.2%,3199984,-451752.1905536633,87474.30642819623,298.57508094868194,346.531374286197,32.5
3.4%,3399983,-451900.1896300325,87560.54810321005,298.86944870248107,348.38032083676916,32.5
3.6%,3599982,-451961.06173597416,87821.583219908,299.76043697413445,348.16341034217135,32.5
3.8%,3799981,-453007.7926669391,87529.74790402729,298.76431872386524,347.6537112577877,32.5
4.0%,3999980,-451220.5510977623,87067.98851321958,297.18820051134304,347.8493997231941,32.5
4.2%,4199979,-452590.9055374828,87477.36789665165,298.5855306250409,347.67531393894893,32.4
4.4%,4399978,-452185.31229184894,87253.82949473546,297.82252947450246,349.0741260391164,32.4
4.6%,4599977,-451079.6453031413,86251.0051885653,294.399600381171,347.4211021241819,32.4
4.8%,4799976,-450770.79222178506,87507.04488271981,298.6868267527774,347.53567760189725,32.4
5.0%,4999975,-451316.02235102,87680.56064280521,299.279086174187,348.1103954698165,32.4
5.2%,5199974,-452427.49071177794,87032.64662226615,297.0675684265267,349.4830098874313,32.4
5.4%,5399973,-451448.4660416222,86516.7622549276,295.3067060312963,348.2773082122648,32.4
5.6%,5599972,-451688.9705297486,86715.27240329338,295.9842785212948,350.2640019064325,32.4
5.8%,5799971,-452445.7732749195,86375.18950207718,294.8234773225652,348.0707692403168,32.4
6.0%,5999970,-451770.56552451337,86706.63063342046,295.9547816639352,347.86683827987474,32.4
6.2%,6199969,-451645.8053195034,87120.66248537833,297.36799199690455,347.73049769449443,32.4
6.4%,6399968,-451146.9406621363,88258.630722436,301.25220637219,351.693698018427,32.4
6.6%,6599967,-452289.490800336,87037.16049285862,297.0829755710079,348.23387681020984,32.4
6.8%,6799966,-450999.80281577446,87908.21243413383,300.0561275112321,349.0756309882618,32.4
7.0%,6999965,-451034.2643186124,87407.90928960091,298.34844833117006,349.2009021775715,32.4
7.2%,7199964,-451424.0415635407,87234.40036204862,297.75621223116997,346.437335928053,32.4
7.4%,7399963,-451508.9370241617,87441.93720576621,298.4645954404005,348.3807330451596,32.4
7.6%,7599962,-451977.44897560216,86680.07584217854,295.86414248920636,347.629090455026,32.4
7.8%,7799961,-450903.0318637416,87608.4186538118,299.03284472246213,348.76160853544906,32.4
8.0%,7999960,-451397.1010096213,86858.74936893466,296.474006858447,347.4477364797031,32.4
8.2%,8199959,-450466.4218545039,86636.55717361328,295.71560069996315,347.86978290796213,32.4
8.4%,8399958,-451693.8307459187,87413.2867292302,298.36680308627666,347.1757952845471,32.4
8.6%,8599957,-450916.2843724508,86649.80325842556,295.7608134144912,348.3257965297578,32.4
8.8%,8799956,-451234.9961830517,88074.2231829848,300.62277016094794,348.3318357074974,32.4
9.0%,8999955,-452490.61124756886,88045.26514721964,300.52392801831496,348.6697825646567,32.4
9.2%,9199954,-451638.7914370503,86968.74657963886,296.84945911901553,347.9297930888999,32.4
9.4%,9399953,-452138.9812443573,86989.12294031656,296.9190095251543,346.9167080885606,32.4
9.6%,9599952,-451649.0906216847,86940.2801214249,296.7522948725916,348.950559348881,32.4
9.8%,9799951,-451604.34424829483,87239.47863855679,297.77354585610993,348.672476074276,32.4
10.0%,9999950,-452105.38799070474,87517.39003952825,298.7221377618912,348.76460051789184,32.4
10.2%,10199949,-451464.8737341068,87609.59366824653,299.0368553862135,348.5885993715224,32.4
10.4%,10399948,-450381.8724553194,87015.8109081664,297.01010327012347,348.8661763917012,32.4
10.6%,10599947,-451892.6590823233,87556.82353603165,298.85673567859783,348.30607667540585,32.4
10.8%,10799946,-452519.5328765018,87654.16570214514,299.1889926156781,346.4778057186504,32.4
11.0%,10999945,-452370.2836389318,87840.24197904486,299.8241247099642,346.90848977631055,32.4
11.2%,11199944,-452101.40598538285,87285.91920935959,297.93206094188696,349.39702637152135,32.4
11.4%,11399943,-450726.54936886625,87569.75189793832,298.90086391305243,346.6904901058708,32.4
11.6%,11599942,-452035.374991172,87300.39256189356,297.9814626757318,349.48153273234425,32.4
11.8%,11799941,-451903.908550072,86798.82673649053,296.2694736010459,345.83349772785544,32.5
12.0%,11999940,-452048.96002065716,87193.88242848031,297.6179128174449,347.4305856877598,32.5
12.2%,12199939,-451150.7176596136,86895.48416819674,296.5993933417604,348.9303992671574,32.5
12.4%,12399938,-451327.9070663778,87604.0816329511,299.01804121721085,349.217948646919,32.5
12.6%,12599937,-451896.38242542837,87809.32067375863,299.7185813612273,348.2312492117458,32.5
12.8%,12799936,-450980.3259001849,88027.99060420622,300.46496501204274,347.5697338978098,32.5
13.0%,12999935,-451859.3548286371,86930.97459345718,296.7205324170812,349.02767299414637,32.5
13.2%,13199934,-451930.97625444876,87768.4920787391,299.57922157021267,348.6515609892285,32.5
13.4%,13399933,-451666.78490806324,87425.76093225554,298.4093811452536,347.22227537240656,32.5
13.6%,13599932,-451123.22065885365,87341.70631013322,298.12247843485727,346.46798298691033,32.5
13.8%,13799931,-451238.2362508341,88745.64917357659,302.9145410554854,348.88778327936825,32.5
14.0%,13999930,-451748.73125500884,87735.15735180955,299.4654405161204,347.74217026164536,32.5
14.2%,14199929,-451925.39948768355,87001.67532399693,296.9618544372948,347.3024985149189,32.5
14.4%,14399928,-451089.79340047436,86637.37068558752,295.7183774513714,348.6409233203842,32.5
14.6%,14599927,-452258.9674669793,87286.48105279624,297.93397867586424,348.2968453195338,32.5
14.8%,14799926,-450460.0514770583,86823.37958611362,296.3532795706279,350.03135124829254,32.5
15.0%,14999925,-452620.4863413521,87376.75337952748,298.2421042085123,348.9274347949152,32.5
15.2%,15199924,-452292.6057900754,87296.52461864124,297.96826026788403,348.45291724388505,32.5
15.4%,15399923,-451491.4197924272,87110.11095909566,297.3319765891509,349.83292226749467,32.5
15.6%,15599922,-452879.78600001335,87339.43693802471,298.1147324121831,349.17759160462737,32.5
15.8%,15799921,-450089.52655557776,88013.73067297626,300.41629174677024,350.47503232384014,32.5
16.0%,15999920,-451939.030969162,87236.49382251385,297.7633578165812,348.1682711784727,32.5
16.2%,16199919,-451712.6377130812,87728.09801939863,299.44134497501693,348.8241047332378,32.5
16.4%,16399918,-451008.24426305294,87852.62654254248,299.8663968033343,348.01614513625884,32.5
16.6%,16599917,-452755.43468369823,88112.08628314306,300.7520078612091,346.8455970900567,32.5
16.8%,16799916,-451020.55175954197,86795.75569895539,296.25899126265307,348.7980909432515,32.5
17.0%,16999915,-451136.65022642026,87337.88926161488,298.1094497454411,347.5383530023674,32.5
17.2%,17199914,-450864.2283047037,87470.3150530174,298.561457232007,348.8493867533054,32.5
17.4%,17399913,-452269.7151459614,87577.67313906131,298.92790139761314,349.9254039069116,32.5
17.6%,17599912,-451952.4297401048,88383.7526409853,301.67928363047014,347.1798806472374,32.5
17.8%,17799911,-451342.8368919417,86797.52961145167,296.2650461385224,349.30859905272564,32.5
18.0%,17999910,-452048.1845656745,87123.65167066664,297.3781949499301,348.65816589699926,32.5
18.2%,18199909,-452662.8834235808,87678.4167277657,299.27176837273646,347.5606771290566,32.5
18.4%,18399908,-452665.09445287706,87652.77890366095,299.1842590717772,348.93011470474465,32.5
18.6%,18599907,-452370.12600964215,87691.93819391128,299.31792104331834,348.82596076311825,32.5
18.8%,18799906,-451063.65075419843,87343.2349140764,298.1276960017602,348.2283523926821,32.5
19.0%,18999905,-451656.6082478296,86853.8090818685,296.45714423134064,349.36484757156717,32.5
19.2%,19199904,-450958.1078480701,87251.96044252638,297.8161498593056,349.723207555093,32.5
19.4%,19399903,-451328.8881323165,87255.25924445491,297.8274096233788,348.34892371969914,32.5
19.6%,19599902,-451014.24341137474,86800.59580966237,296.2755119589026,348.2137088812299,32.5
19.8%,19799901,-452838.61534052016,86857.72373029633,296.4705060574465,347.36683124415043,32.5
20.0%,19999900,-451246.88205333427,87490.17618998612,298.62924903076834,349.30141725573355,32.4
20.2%,20199899,-451742.0826005582,87213.00328014558,297.68317780858206,349.2695287713781,32.4
20.4%,20399898,-452799.1944346875,86093.06994173769,293.860521753038,347.23649243621276,32.4
20.6%,20599897,-451954.83983601397,87168.04956210579,297.52973778086726,348.1984712687421,32.4
20.8%,20799896,-453178.20179560594,87638.64424934925,299.1360134128218,348.25979990902783,32.4
21.0%,20999895,-451570.52028796356,87892.07722814626,300.00105339140674,349.5380056114326,32.4
21.2%,21199894,-451615.6954765846,87808.31042652187,299.71513309552716,348.3991700626341,32.4
21.4%,21399893,-452127.1326457951,87774.27663380979,299.59896592794473,347.9745741434754,32.4
21.6%,21599892,-452443.69255753653,88285.12923642976,301.3426534564112,347.8862335103717,32.4
21.8%,21799891,-451436.61168024223,87522.6160892949,298.739975779657,347.3674068797438,32.4
22.0%,21999890,-451215.8186995955,88091.36716899957,300.6812875384632,348.6567187544854,32.4
22.2%,22199889,-452660.71800719947,87337.90454953737,298.1095019275376,348.2572372821316,32.4
22.4%,22399888,-450767.27837670734,88195.88623026584,301.03804129225114,348.8811003280061,32.4
22.6%,22599887,-451845.0260585118,87203.0911113366,297.6493447126095,348.52489348882034,32.4
22.8%,22799886,-451362.6686858563,86820.12578142935,296.34217339515004,347.8308567704285,32.4
23.0%,22999885,-450763.80865967413,87762.57225471394,299.55901550045706,348.4603758010186,32.4
23.2%,23199884,-450388.97555487603,86595.98252512189,295.57710770181944,350.60331327586465,32.4
23.4%,23399883,-450882.7808936974,87086.92003585899,297.25281926781395,348.5241280050893,32.4
23.6%,23599882,-451381.1130158934,87463.92231286562,298.5396369628761,348.4319937325063,32.4
23.8%,23799881,-451522.9294012897,87461.8348258227,298.5325117664811,347.9869228214191,32.4
24.0%,23999880,-452234.85677489266,86797.16359668318,296.26379682436846,348.63088376723647,32.4
24.2%,24199879,-452078.52243282646,87147.05299148569,297.45807041900383,347.69628514132137,32.4
24.4%,24399878,-451346.3117856765,86880.75807840735,296.54912894264186,348.95513575768484,32.4
24.6%,24599877,-451904.629857691,87688.78646866418,299.3071632944524,349.34152648517045,32.4
24.8%,24799876,-451521.42796415463,87835.06291171559,299.80644705683136,348.3623940793184,32.4
25.0%,24999875,-451648.1027912828,87246.82413108996,297.7986181443881,348.3545131988031,32.4
25.2%,25199874,-451196.22115595685,87152.7370829957,297.4774718655774,347.3698483362498,32.4
25.4%,25399873,-452073.2337219198,87679.320574663,299.2748534633367,350.4218631295002,32.4
25.6%,25599872,-451744.8956211335,87686.3597969102,299.2988803626411,347.7556671406133,32.4
25.8%,25799871,-452673.0775682572,87336.66470805043,298.1052699903272,348.5761145777258,32.4
26.0%,25999870,-451319.0551499217,87789.08165789768,299.64949975262977,348.77773404943025,32.4
26.2%,26199869,-451637.06138241896,86878.28237773513,296.54067866096716,348.955199757412,32.4
26.4%,26399868,-451829.358617045,87552.46010189466,298.84184201720325,347.9389159051691,32.4
26.6%,26599867,-451503.46786590014,87131.48226638092,297.40492303552156,348.09925875651004,32.4
26.8%,26799866,-452035.8200630718,87081.43971985404,297.2341133659141,347.7084762366297,32.4
27.0%,26999865,-452503.44686649647,87116.27958817559,297.3530319024433,347.8264131424323,32.4
27.2%,27199864,-450641.8755739811,88191.29870938335,301.022382758051,348.4695685121124,32.4
27.4%,27399863,-450259.2963278205,86237.37007414253,294.35305979618374,349.29517186488226,32.4
27.6%,27599862,-451085.67496175366,86562.31817348654,295.462201543371,347.2395525820139,32.4
27.8%,27799861,-451360.0942670093,87037.51771607416,297.0841948770517,348.13852420352026,32.4
28.0%,27999860,-451058.67238007765,87031.84533646406,297.0648334065764,349.3745306597922,32.4
28.2%,28199859,-451347.9482694366,87603.01278024388,299.0143929141078,348.69560791975044,32.4
28.4%,28399858,-451801.8116682912,86774.41916503629,296.18616350782787,347.1787922598804,32.4
28.6%,28599857,-452147.66688023414,86935.72880003246,296.73675989770976,349.7735820274979,32.4
28.8%,28799856,-451834.3595726341,87625.76817163546,299.0920636394235,348.94755181034213,32.4
29.0%,28999855,-451799.2529822113,87560.20794596948,298.86828764754057,349.5009559199367,32.4
29.2%,29199854,-452827.18488227064,86306.62119414372,294.5894338768073,347.9860577753203,32.4
29.4%,29399853,-452509.9582489878,86448.7342929854,295.07450694252344,347.5882589558315,32.4
29.6%,29599852,-452443.54916319996,86848.97467883909,296.4406430170437,346.7101051183552,32.4
29.8%,29799851,-450377.2429653313,86697.46278090315,295.9234891345143,350.18048462084334,32.4
30.0%,29999850,-451282.26739443,87148.1523320342,297.4618227859178,348.2494306913155,32.4
30.2%,30199849,-452742.35459187254,86674.71630138252,295.84584882798896,348.71045370628497,32.4
30.4%,30399848,-453453.83628774574,87746.62160814164,299.504571335239,346.70428886869723,32.4
30.6%,30599847,-452492.73715113197,87146.32362984575,297.4555808969993,348.1751942057904,32.4
30.8%,30799846,-452840.441916829,87086.04697247548,297.24983925024026,347.45310067314057,32.4
31.0%,30999845,-451869.80124364654,87008.0904692969,296.98375118166973,348.91713630269874,32.4
31.2%,31199844,-452809.26739910105,87975.66732706781,300.28637054990867,348.2889508048355,32.4
31.4%,31399843,-451561.24251606455,87508.99213636885,298.69347329208284,348.6687893413672,32.4
31.6%,31599842,-451769.673004054,87699.40446610513,299.34340558747414,349.07639516990616,32.4
31.8%,31799841,-452346.4945449233,86988.6983512509,296.91756028000077,348.60906071661776,32.4
32.0%,31999840,-452544.71328739217,86444.50782017235,295.0600807696984,348.57441708057326,32.4
32.2%,32199839,-451490.4454767904,86971.97603933362,296.86048219801046,347.41320926439846,32.4
32.4%,32399838,-452118.0661597019,87303.45983123401,297.99193215218736,348.024527902406,32.4
32.6%,32599837,-451765.94858847046,87843.63793811502,299.83571609943243,347.865566450419,32.4
32.8%,32799836,-452354.86159705743,87381.18337309407,298.2572250564705,347.95816973807547,32.4
33.0%,32999835,-451697.3298712331,87200.42414117657,297.6402415729113,347.88429120869864,32.4
33.2%,33199834,-453259.20375574846,88562.20383336965,302.288389108263,346.6075796433721,32.4
33.4%,33399833,-450818.95092852414,86926.24949636048,296.7044042955133,350.28712510069704,32.4
33.6%,33599832,-451568.82890460687,87731.59295555484,299.45327420187635,349.1509120668827,32.4
33.8%,33799831,-451517.6954163243,87258.62526994945,297.83889884090496,349.51012085731503,32.4
34.0%,33999830,-450624.96135139465,87489.854230294,298.6281500893184,348.1990219064096,32.4
34.2%,34199829,-452186.1819955013,86429.95084346774,295.01039360239844,348.7774414415343,32.4
34.4%,34399828,-452830.76572212577,87649.52415554979,299.1731496761108,347.42182278551064,32.4
34.6%,34599827,-450227.9265824389,88308.84907793696,301.4236161286208,348.79811902545003,32.4
34.8%,34799826,-452079.35173987644,88577.92439531884,302.3420479281862,346.85860264462474,32.4
35.0%,34999825,-451605.44034487056,87787.3583211815,299.64361750651034,346.7467415881222,32.4
35.2%,35199824,-451559.25473984145,88503.49998646602,302.0880159180436,348.2514309563235,32.4
35.4%,35399823,-451831.5644160309,87070.9003000771,297.19813928116236,348.16298692748484,32.4
35.6%,35599822,-451347.9314618814,87702.6344021614,299.3544302924285,348.6784634241801,32.4
35.8%,35799821,-451415.653102722,87811.9521689656,299.7275634146612,350.13491895588845,32.4
36.0%,35999820,-451146.82046591816,87747.37499761715,299.50714287118853,347.53123151791584,32.4
36.2%,36199819,-452821.32512993366,87445.99840481661,298.47845748612264,347.924477260418,32.4
36.4%,36399818,-452383.47695933655,86852.85316683969,296.4538814171639,347.42792086401795,32.4
36.6%,36599817,-450903.7917414312,87748.42855156027,299.51073895518954,349.83340892091144,32.4
36.8%,36799816,-451126.3710058704,87027.18911335163,297.04894037181595,349.32305311873637,32.4
37.0%,36999815,-451787.6189781227,87069.32580271421,297.1927650667584,347.79927640586965,32.4
37.2%,37199814,-452731.13528606854,87178.05967287876,297.56390518106036,347.5210282065772,32.4
37.4%,37399813,-452397.8769665188,87105.71526448685,297.31697281344526,347.89657987908515,32.4
37.6%,37599812,-451120.80652402155,87041.70109210629,297.0984739481119,347.5727846833695,32.4
37.8%,37799811,-452158.00219438877,87545.83434529393,298.8192263956089,347.6797793014851,32.4
38.0%,37999810,-451084.1998904459,87545.31776739424,298.8174631659874,347.7077155658442,32.4
38.2%,38199809,-452019.97768357303,87664.35193587627,299.2237611744129,348.1174503573464,32.4
38.4%,38399808,-451644.46479121875,87013.90670822305,297.0036036855546,347.056596009341,32.4
38.6%,38599807,-451388.68021523487,87119.37648393429,297.36360250242404,347.3959474655299,32.4
38.8%,38799806,-451962.16634536907,87661.21270221198,299.21304606292813,348.8592144350515,32.4
39.0%,38999805,-451874.1250227494,87005.37312513695,296.9744761009557,348.96493822574826,32.4
39.2%,39199804,-451926.4103894243,86379.56722607603,294.838419759387,349.2571613363868,32.4
39.4%,39399803,-452818.39201622875,87256.57582585094,297.83190349607065,347.3429795582207,32.4
39.6%,39599802,-451365.8571085059,86757.29706390575,296.1277208297455,349.6635583140787,32.4
39.8%,39799801,-451177.0396040594,86290.79738475196,294.5354226435323,348.0681908338555,32.4
40.0%,39999800,-451131.09434171906,88326.72010646266,301.4846151122832,347.8031605531681,32.4
40.2%,40199799,-451117.9364297562,87434.27939476888,298.4384571189689,349.3325284548519,32.4
40.4%,40399798,-451408.5779792345,87033.80080836339,297.0715079971444,348.3979831367374,32.4
40.6%,40599797,-452669.90626437496,87193.07753998603,297.61516550046525,348.5042810852056,32.4
40.8%,40799796,-452046.2428335487,87524.45485265646,298.74625201026623,348.39167828433665,32.4
41.0%,40999795,-452018.3415919305,86829.6079325371,296.37453871646744,348.59368991508956,32.4
41.2%,41199794,-449942.47849414125,87546.63282092533,298.8219518236347,349.6442163668438,32.4
41.4%,41399793,-452084.57403484546,87211.816035016,297.6791253979355,348.00355331365347,32.4
41.6%,41599792,-452817.79085653974,87998.99115632706,300.3659815178999,347.06427816564974,32.4
41.8%,41799791,-452139.7315121656,86486.12656971079,295.2021375863778,347.42720461161576,32.4
42.0%,41999790,-451937.4530883888,86617.77562874285,295.6514938609494,346.78392468934607,32.4
42.2%,42199789,-451058.189754128,87195.0319365601,297.6218364206376,349.7699347755944,32.4
42.4%,42399788,-452719.3195534153,87586.11601313855,298.9567193661571,347.0597730600031,32.4
42.6%,42599787,-451710.8007920608,87578.64754357829,298.93122732175493,348.32320003736174,32.4
42.8%,42799786,-450650.2036797125,87426.9634142922,298.4134855638663,348.87312047190943,32.4
43.0%,42999785,-450117.8731219419,87671.3298047228,299.2475786568346,350.059834592479,32.4
43.2%,43199784,-452827.2346913116,87449.80821358971,298.49146146419656,350.3217093089584,32.4
43.4%,43399783,-451821.7447431488,86942.82245471422,296.76097259063994,347.8582872160872,32.4
43.6%,43599782,-450486.58425866766,87115.76666222743,297.3512811379875,349.3885503212087,32.4
43.8%,43799781,-452382.8455882822,87732.15797930444,299.4552027911806,348.15806218638323,32.4
44.0%,43999780,-451706.55949561996,86709.46877362736,295.9644690564579,349.63131054124125,32.4
44.2%,44199779,-451906.18362505455,87101.30463282746,297.30191805327047,348.8961323212016,32.4
44.4%,44399778,-451051.6981837773,87322.22097282214,298.05596934890366,348.69562149425957,32.4
44.6%,44599777,-450508.7948862398,87430.67891941196,298.4261676563251,349.67347382415977,32.4
44.8%,44799776,-452178.6111141625,86736.71270659872,296.0574604710164,347.48548538480475,32.4
45.0%,44999775,-450959.04890244035,87878.58116337634,299.954987423059,348.60045112796223,32.4
45.2%,45199774,-453087.3794980459,86994.50456168829,296.93737855375605,346.26723956670133,32.4
45.4%,45399773,-451624.410989651,87007.17875685426,296.98063924369075,348.66190124502106,32.4
45.6%,45599772,-452417.6578044547,87773.37427653628,299.5958859218609,346.0480819660723,32.4
45.8%,45799771,-450922.2353396169,87907.99009904079,300.0553686173224,348.8879278399195,32.4
46.0%,45999770,-451345.353947551,87551.04448524988,298.83701010859414,348.0185627628032,32.4
46.2%,46199769,-452108.34604774276,88082.06161283585,300.64952498671164,348.51381345216276,32.4
46.4%,46399768,-452097.56654410483,87442.4854922836,298.4664669006954,346.6682192912654,32.4
46.6%,46599767,-451220.2827634048,86967.3604323651,296.844727797884,348.4644741155823,32.4
46.8%,46799766,-450404.0532191871,87041.96945499201,297.09938994817634,349.07556691975566,32.4
47.0%,46999765,-452517.13797493046,86897.60120604225,296.60661940358244,349.181250539332,32.4
47.2%,47199764,-451663.46711844346,86296.93703856342,294.5563790558619,348.4353003932558,32.4
47.4%,47399763,-452057.18525503203,87441.48653860763,298.46305718318126,347.0416103171585,32.4
47.6%,47599762,-452174.258677837,86453.54044439737,295.09091172588757,346.73603384805403,32.4
47.8%,47799761,-451646.08239839086,87884.38404557179,299.9747943365629,349.64757767266366,32.4
48.0%,47999760,-451227.10561371734,87178.32435665876,297.5648086232741,349.14666844488426,32.4
48.2%,48199759,-449523.65334218694,87178.19784024911,297.5643767862147,348.05023239767235,32.4
48.4%,48399758,-452015.5023966674,87732.50915777331,299.4564014647575,346.83498044950665,32.4
48.6%,48599757,-451945.4400170413,87365.72561719798,298.2044632695365,348.61769771640166,32.4
48.8%,48799756,-451140.7136198301,87161.63254771498,297.5078346567452,349.2884468801797,32.4
49.0%,48999755,-450877.78845581645,87626.12947647236,299.09329687722015,347.33960835105734,32.4
49.2%,49199754,-451038.869723476,86848.76928597572,296.4399419518588,347.91744185170285,32.4
49.4%,49399753,-452266.9547257349,87464.1676065136,298.540474220967,346.31409168829845,32.4
49.6%,49599752,-451282.6951945983,88485.02575992502,302.02495804527865,347.31496439361365,32.4
49.8%,49799751,-451639.01498420676,87837.92988927441,299.81623287956785,347.16648965169696,32.4
50.0%,49999750,-451907.3070885544,86770.08787585981,296.1713795664709,349.1345184686591,32.4
50.2%,50199749,-451631.4662742233,88564.03460886396,302.29463807397343,348.613538629744,32.4
50.4%,50399748,-451646.8145788736,86371.63170983159,294.81133354971246,347.88670335325804,32.4
50.6%,50599747,-451433.1793723339,87199.33191051497,297.6365134740956,347.88831330317703,32.4
50.8%,50799746,-451711.71337368246,86310.55556484978,294.6028630207469,349.68646421464763,32.4
51.0%,50999745,-451325.51852870174,87649.51152479457,299.1731065636939,348.3283019958862,32.4
51.2%,51199744,-452526.5778415925,86258.3221507312,294.4245752870627,348.338689872994,32.4
51.4%,51399743,-452132.18391677784,87387.79263003124,298.279784359946,349.3329281449811,32.4
51.6%,51599742,-452581.8745521391,87199.21792042741,297.6361243929927,347.40470302648595,32.4
51.8%,51799741,-452788.6965949978,87557.5533001995,298.8592265745464,348.300145388766,32.4
52.0%,51999740,-450510.725521347,87160.64765934425,297.5044729481816,348.61207392688647,32.4
52.2%,52199739,-452392.7862965134,86887.08952494693,296.57073999896534,348.0095101225086,32.4
52.4%,52399738,-452080.10094151273,86933.16953346989,296.7280243815074,347.4870862899573,32.4
52.6%,52599737,-451726.9927804582,87406.06031979213,298.34213726300766,347.8191735015485,32.4
52.8%,52799736,-452129.69192285975,87762.75045631593,299.55962375401066,346.9620964110625,32.4
53.0%,52999735,-452769.7137509291,87701.03345665941,299.34896580288444,347.6267633146212,32.4
53.2%,53199734,-451225.18630260555,87540.33269081265,298.8004476593242,346.9041507682263,32.4
53.4%,53399733,-451385.90924868034,87156.95283205091,297.49186143511855,347.41890830351,32.4
53.6%,53599732,-451837.3844134924,87064.78642603382,297.1772708626298,347.5605212765462,32.4
53.8%,53799731,-452044.5477348971,87583.12678244978,298.94651625816664,347.8499300564413,32.4
54.0%,53999730,-450842.81540806266,87193.86267947406,297.6178454083807,348.518663951379,32.4
54.2%,54199729,-451638.64761701087,87573.1500073719,298.9124626423323,347.79476134053743,32.4
54.4%,54399728,-451828.21919657756,87664.1042628708,299.22291579488746,347.92146913014795,32.4
54.6%,54599727,-452527.24228075286,87446.87983024892,298.4814660457848,347.9769990108265,32.4
54.8%,54799726,-451008.86912952457,87126.59522411774,297.3882421483113,348.5299484198021,32.4
55.0%,54999725,-451076.28984402213,86366.83022203585,294.7949446846179,348.661290559033,32.4
55.2%,55199724,-450902.5381903183,88113.99823980377,300.75853392169535,349.0581025850886,32.4
55.4%,55399723,-450907.82503984263,86988.11642165872,296.91557398617135,349.44969070289454,32.4
55.6%,55599722,-451129.85669876216,86518.12111863983,295.31134422574956,348.9876874691647,32.4
55.8%,55799721,-451288.4136771965,88288.10149240482,301.3527986247994,349.11758555783774,32.4
56.0%,55999720,-452248.0163898859,87266.87358516827,297.86705272385313,347.6381606058014,32.4
56.2%,56199719,-451331.9816664411,86725.29684308649,296.0184948305736,348.4132205208533,32.4
56.4%,56399718,-451131.18015700905,87571.8775569885,298.9081194015369,349.45285522189425,32.4
56.6%,56599717,-452133.1994467811,87831.92207711958,299.7957264809041,348.1416551302847,32.4
56.8%,56799716,-452157.2992079393,87234.22059629316,297.75559863870865,348.1851393939072,32.4
57.0%,56999715,-451287.50332523417,88222.256279552,301.1280498893093,348.7265036122364,32.4
57.2%,57199714,-450813.96907681506,87911.82439652807,300.06845618245313,348.1188097629205,32.4
57.4%,57399713,-451423.29566554213,86583.94933882472,295.5360349603546,348.36354849028714,32.4
57.6%,57599712,-452241.3354370571,86703.05233111134,295.9425678843097,348.515493190821,32.4
57.8%,57799711,-451295.9635125841,87455.65582870424,298.51142106407764,348.2579477589028,32.4
58.0%,57999710,-452549.91744560003,88614.4380624335,302.46667962359084,347.51596621116795,32.4
58.2%,58199709,-450971.72742329305,87000.73441912563,296.9586428571224,348.8891837344867,32.4
58.4%,58399708,-451324.6401436608,87001.82916222783,296.96237953162387,348.5464122621601,32.4
58.6%,58599707,-451127.2063328419,87079.29261235925,297.22678466769133,349.21011812072044,32.4
58.8%,58799706,-451312.1282211826,88047.85406827473,300.53276475386804,349.143076585051,32.4
59.0%,58999705,-452203.96339615807,87128.22085588344,297.3937908992057,348.0604866837599,32.4
59.2%,59199704,-452725.1746095498,87758.7130288473,299.5458428475652,348.7786124521961,32.4
59.4%,59399703,-451542.67692001583,86450.12975607609,295.0792700612297,350.03128051371334,32.4
59.6%,59599702,-451614.1035758583,86702.7847151112,295.94165443358156,347.93971132417556,32.4
59.8%,59799701,-452055.90697164414,86819.32615275471,296.3394440314545,347.8524159868334,32.4
60.0%,59999700,-452041.78296604333,87396.58043622237,298.30977968145254,348.1679556878613,32.4
60.2%,60199699,-452289.2053807564,87330.72161863474,298.08498450907183,348.6548680547656,32.4
60.4%,60399698,-452037.27525718603,87464.01044540526,298.5399377846972,348.6834080397218,32.4
60.6%,60599697,-451674.07245356776,87688.91722143593,299.3076095914395,348.3988573013809,32.4
60.8%,60799696,-451832.00979500916,87603.73373710335,299.01685374816833,347.3834306823851,32.4
61.0%,60999695,-452561.5105268699,87400.87678858684,298.32444437337625,346.71615842432493,32.4
61.2%,61199694,-451123.68525943207,87449.34941396769,298.4898954485301,347.6903251421289,32.4
61.4%,61399693,-451830.6384038455,87711.419064185,299.3844148819829,348.5862760890609,32.4
61.6%,61599692,-451914.20861221245,87952.5227224864,300.2073713275245,347.11644552552696,32.4
61.8%,61799691,-451254.01965091936,87246.88013244495,297.79880929319256,348.3676632478288,32.4
62.0%,61999690,-451348.3812445593,87587.65493634946,298.9619721557022,348.0339864462948,32.4
62.2%,62199689,-452348.0094472398,87274.11566394009,297.8917720310854,349.00312550366584,32.4
62.4%,62399688,-452258.65039423853,87222.87794623792,297.7168828969474,348.22840928302253,32.4
62.6%,62599687,-451903.51859868085,87431.52309699211,298.42904907830626,347.7362847995405,32.4
62.8%,62799686,-451279.3518114793,87003.93435946561,296.96956517803073,348.5326902380749,32.4
63.0%,62999685,-452199.6890278226,86031.62798595964,293.6508026061347,348.7366949752161,32.4
63.2%,63199684,-452411.44709825376,87683.76509264769,299.2900238873303,347.4916255338985,32.4
63.4%,63399683,-451986.0299078962,87510.11612119875,298.6973097770494,348.0894607908442,32.4
63.6%,63599682,-451795.7267788807,86918.56919169275,296.6781891966859,348.77034139856124,32.4
63.8%,63799681,-451773.6840197947,87591.02076298988,298.97346069448184,349.81071605061817,32.4
64.0%,63999680,-452676.81381663587,87570.52636648074,298.90350739794746,348.3606775721592,32.4
64.2%,64199679,-452935.38754542684,86956.42575161863,296.80740457324436,348.46767385713423,32.4
64.4%,64399678,-451006.15669203224,87995.09370474785,300.35267838960687,348.90040538026034,32.4
64.6%,64599677,-450299.34679569816,86535.34239774744,295.37012542692224,348.6522673937593,32.4
64.8%,64799676,-451119.1207239665,88040.91099280247,300.5090660312852,348.1146009783685,32.4
65.0%,64999675,-451576.78299903683,86905.43458662974,296.6333569947508,346.88898492268294,32.4
65.2%,65199674,-451763.1457639667,87785.92166518571,299.63871378451756,347.59809849110513,32.4
65.4%,65399673,-451187.5181883662,87979.46482345858,300.29933250226435,347.9729103643813,32.4
65.6%,65599672,-452206.56992541347,87227.37875547807,297.7322454592595,347.0008543985084,32.4
65.8%,65799671,-451125.59189369204,86889.96953396371,296.5805703018329,347.586897715501,32.4
66.0%,65999670,-451171.060158737,87011.636743298,296.99585563942634,348.28219058004504,32.4
66.2%,66199669,-453408.369794406,87124.91245977969,297.3824983874406,348.3122888697479,32.4
66.4%,66399668,-452478.0546043082,87343.66485205543,298.1291635043005,347.8488467329013,32.4
66.6%,66599667,-451560.61756384,87360.72223812144,298.18738529117013,349.2043597058301,32.4
66.8%,66799666,-452663.57623248594,87480.671627298,298.596807212252,347.4123038539697,32.4
67.0%,66999665,-451453.8077535187,87310.8134057722,298.01703202668375,348.16403952106015,32.4
67.2%,67199664,-452710.880775596,87364.74317629647,298.20110991489247,348.7459286697505,32.4
67.4%,67399663,-452162.4194274186,87379.17291119637,298.2503627691502,348.8388993075471,32.4
67.6%,67599662,-451621.05260501243,87993.13989050454,300.3460094570977,348.026667677491,32.4
67.8%,67799661,-452354.68758160574,87026.75509620714,297.0474589459054,346.7471746041826,32.4
68.0%,67999660,-450895.83853467274,87552.91390509845,298.8433909786508,346.88027532609556,32.4
68.2%,68199659,-450502.32517452165,87963.5508911389,300.2450136533981,348.55669946589853,32.4
68.4%,68399658,-451869.26192172663,87944.63823993492,300.1804593105886,348.05282495632827,32.4
68.6%,68599657,-451860.08528140374,87135.66482178168,297.41919930552984,348.8720732345375,32.4
68.8%,68799656,-451663.4327749065,87143.22602279924,297.44500786918775,349.3132295500812,32.4
69.0%,68999655,-451875.05543723144,87261.31009444525,297.84806292260964,348.4213258972405,32.4
69.2%,69199654,-452834.34575122595,87612.15986866291,299.04561456966223,350.0242813739032,32.4
69.4%,69399653,-451059.08235365245,86915.46873692767,296.6676064487881,347.29340181542705,32.4
69.6%,69599652,-452375.1479548337,88049.5596434857,300.5385863748385,347.81441581788044,32.4
69.8%,69799651,-452105.53915694123,86977.13952230301,296.8781066572205,348.14722987260984,32.4
70.0%,69999650,-450622.10316704167,87443.26959662314,298.46914327535,349.30601086857877,32.4
70.2%,70199649,-451703.61153646,87398.52318942966,298.31641085945006,350.1415606097138,32.4
70.4%,70399648,-452224.04299179465,87288.6346913533,297.94132966648954,348.5815902671501,32.4
70.6%,70599647,-450837.69242799236,87188.83124847297,297.60067168069105,348.55792609067737,32.4
70.8%,70799646,-452333.2345283218,87447.26074732351,298.48276622581517,347.5447598408936,32.4
71.0%,70999645,-452905.8884061882,87007.0287460381,296.980127213434,348.38842383378176,32.4
71.2%,71199644,-451911.63545497507,88441.55087719206,301.8765657097318,349.08235870594785,32.4
71.4%,71399643,-451144.686782537,87315.62495295523,298.0334552273734,348.95513625595163,32.4
71.6%,71599642,-452163.5062192809,87972.65675591544,300.27609460075024,349.8390750311907,32.4
71.8%,71799641,-451122.20095161814,86356.22269254603,294.75873812173774,348.79425499502537,32.4
72.0%,71999640,-451726.8033160963,87250.28397615603,297.8104275952183,348.61955115536074,32.4
72.2%,72199639,-452946.7731371019,87309.76113477693,298.01344032175433,347.53868190452545,32.4
72.4%,72399638,-450016.50061932765,87506.84010319409,298.68612778109116,348.19281690945877,32.4
72.6%,72599637,-452723.1162443175,88361.97477039613,301.6049494660788,347.6027471530733,32.4
72.8%,72799636,-451715.7437608084,88559.7100272628,302.279877027509,348.846935269014,32.4
73.0%,72999635,-451351.6394074601,87513.87582656491,298.71014273771954,348.4278178121945,32.4
73.2%,73199634,-451160.0366060785,87395.05653470353,298.3045781652826,348.1871305889234,32.4
73.4%,73399633,-451408.4532245016,86769.9886098101,296.17104074276324,347.64811013746873,32.4
73.6%,73599632,-453277.3511809702,86889.6842630987,296.57959658995003,347.17258512383347,32.4
73.8%,73799631,-451658.1580328974,87093.49660635926,297.27526700303656,347.8719628795096,32.4
74.0%,73999630,-452136.7594234734,87429.25376468746,298.4213031914942,347.1084663770467,32.4
74.2%,74199629,-451024.02615843574,87359.70198919869,298.18390288682605,347.43984631701363,32.4
74.4%,74399628,-452152.8704172396,87960.71863951231,300.2353463603013,348.86649968404834,32.4
74.6%,74599627,-452334.62167310854,87637.34746960341,299.13158712888315,346.6987452759789,32.4
74.8%,74799626,-451211.3677232526,87937.43844178674,300.15588431934054,348.9065881578737,32.4
75.0%,74999625,-450726.64626522316,86788.31405514514,296.2335907822862,350.6160166901366,32.4
75.2%,75199624,-452620.63681848394,87512.67416225921,298.7060411102589,346.89230676220905,32.4
75.4%,75399623,-451714.97802481893,87187.81514013698,297.59720340936593,348.0187084216671,32.4
75.6%,75599622,-451327.09564475203,87095.1253966141,297.280826534767,347.2520177010585,32.4
75.8%,75799621,-451537.6082509146,87972.72723901295,300.27633517992604,347.9389736746051,32.4
76.0%,75999620,-450464.53778808424,87563.0846719841,298.87810674457324,349.0383175300741,32.4
76.2%,76199619,-451034.52577927103,86456.52931036643,295.1011135889842,347.99144021492964,32.4
76.4%,76399618,-451574.46419750154,87069.18604885577,297.1922880464618,348.33689398492345,32.4
76.6%,76599617,-452136.5817889273,87278.48653099831,297.90669106318774,347.8642731021909,32.4
76.8%,76799616,-450647.8424385544,87823.94629053539,299.768502816925,348.04011285645504,32.4
77.0%,76999615,-452374.20002757385,87721.68571279477,299.419457919932,347.0785381229235,32.4
77.2%,77199614,-452746.4904088541,87398.45070144272,298.31616343700733,348.4316150917662,32.4
77.4%,77399613,-452247.5555447587,87733.14459660859,299.45857040109354,347.02272935218184,32.4
77.6%,77599612,-452730.6004001368,87727.92412789632,299.44075143307873,346.83921312733924,32.4
77.8%,77799611,-452380.15689144144,87422.37127969961,298.39781128174053,347.02644187152026,32.5
78.0%,77999610,-450002.867598746,86948.53194756125,296.78046073931563,348.0756131776138,32.5
78.2%,78199609,-452470.21051059756,87153.22708955978,297.47914439955343,347.0376459724063,32.5
78.4%,78399608,-453025.78605436673,86746.62011007173,296.0912773015205,347.85177212113757,32.5
78.6%,78599607,-451990.5975646493,87693.00585440417,299.32156527704944,348.79082805706383,32.5
78.8%,78799606,-451942.3340996774,86568.98117274011,295.48494428489965,347.33243142954814,32.5
79.0%,78999605,-450850.0055089686,87848.50881180551,299.8523417986327,348.82524721974414,32.5
79.2%,79199604,-451554.23023138894,88070.0709318046,300.6085973279999,348.37389845764733,32.5
79.4%,79399603,-451137.71619089134,87758.46290860983,299.5449891149299,349.08938897918017,32.5
79.6%,79599602,-451304.04146877537,87946.0258481864,300.1851956184592,348.79972269516855,32.5
79.8%,79799601,-450296.91420796374,87084.21261110809,297.243578044909,348.18671946831176,32.5
80.0%,79999600,-451606.20931940526,87220.42943000863,297.70852540363063,347.7850340448122,32.5
80.2%,80199599,-452047.1849646759,86755.08581936173,296.12017321324316,350.02999588975916,32.5
80.4%,80399598,-451837.3882767982,86919.43171338801,296.6811332324319,348.54670785242297,32.5
80.6%,80599597,-451445.33688762784,87019.64637033877,297.0231948106609,347.9226222516222,32.5
80.8%,80799596,-452021.7493968848,87582.32990113528,298.943796272005,347.9758759588755,32.5
81.0%,80999595,-451550.6781344251,86992.11945835347,296.92923750696934,347.86879243515136,32.5
81.2%,81199594,-452490.7816796629,86882.00309702416,296.55337855089226,348.3657606380099,32.5
81.4%,81399593,-452122.2324520438,87498.66214210412,298.6582140371115,347.6238179002127,32.5
81.6%,81599592,-452893.82114348235,87356.92228413827,298.1744149503415,347.6689167952904,32.5
81.8%,81799591,-451569.2264903616,87204.7919739348,297.655150248071,348.2163829809799,32.5
82.0%,81999590,-451322.986451847,86488.01209201058,295.2085734187528,347.8793099377989,32.5
82.2%,82199589,-450950.70707488153,86620.83669708594,295.6619421716094,349.09083687081784,32.5
82.4%,82399588,-451268.34733258374,86607.7654951145,295.6173263827443,348.27631367209113,32.5
82.6%,82599587,-450731.05824220553,87997.42936947785,300.3606506881515,348.3813312937282,32.5
82.8%,82799586,-451166.6750516654,87759.424094736,299.54826992088476,347.82985297606155,32.5
83.0%,82999585,-451386.2558989376,87337.58141581109,298.1083989787699,348.1919826587332,32.5
83.2%,83199584,-452098.14457052527,86782.48654730961,296.2136998143579,347.95296656367225,32.5
83.4%,83399583,-451986.95551168034,86729.9016085593,296.0342122255429,349.07123248072395,32.5
83.6%,83599582,-451939.1806176547,86858.60025832627,296.47349790085946,346.72867878645184,32.5
83.8%,83799581,-451936.30249988195,87611.43743174421,299.04314868373194,348.5207074570188,32.5
84.0%,83999580,-452593.65205024416,87481.80309135118,298.6006692259685,346.26371534317246,32.5
84.2%,84199579,-451582.4325171225,86950.0461858539,296.78562927210277,348.0653623664704,32.5
84.4%,84399578,-450368.3957124613,87679.38632240985,299.27507787939254,348.8228361355982,32.5
84.6%,84599577,-452718.9553690003,87729.2231219107,299.44518527495575,347.66746342311694,32.5
84.8%,84799576,-450587.0497899037,87933.08661349036,300.14103027203316,348.63991110321103,32.5
85.0%,84999575,-452423.0586405494,87237.52288264083,297.76687029611105,346.6107292808436,32.5
85.2%,85199574,-453067.421255657,87736.10242269782,299.4686663161123,347.27942708889486,32.5
85.4%,85399573,-452455.59242964815,86939.22153029218,296.74868159520713,347.48842584292623,32.5
85.6%,85599572,-452685.5209817863,86826.53233873169,296.3640408262079,347.89358033538423,32.5
85.8%,85799571,-452816.03338375315,87196.25025968265,297.6259949094532,347.85219328995004,32.5
86.0%,85999570,-451457.3439772865,87437.30830637517,298.4487956693955,348.276844111396,32.5
86.2%,86199569,-452123.16218354227,87196.8855985849,297.62816350468887,348.24630274410146,32.5
86.4%,86399568,-451863.7416812978,86949.0311988166,296.78216482809404,347.5042818790611,32.5
86.6%,86599567,-450320.2066835854,87818.7622695177,299.7508082554223,349.329307108831,32.5
86.8%,86799566,-451381.5849139625,87466.27643282432,298.5476722544484,348.1005146040259,32.5
87.0%,86999565,-452552.7956587109,87474.39183277078,298.57537245917,347.5941782414345,32.5
87.2%,87199564,-452000.19182150206,87044.87678758637,297.10931351430855,347.5908457430218,32.5
87.4%,87399563,-451094.0093289083,87039.1450249916,297.0897493525496,348.4879670527005,32.5
87.6%,87599562,-451992.4381151912,87854.67085535603,299.8733746336106,346.5513207931381,32.5
87.8%,87799561,-452599.23102308717,87088.99554962548,297.2599035959572,347.68311484622694,32.5
88.0%,87999560,-451028.2657562401,86864.96993300167,296.4952394408554,348.5265245070774,32.5
88.2%,88199559,-451892.33140805224,88409.61232392026,301.7675501997164,346.74422443651696,32.5
88.4%,88399558,-452490.339754547,88509.9481500857,302.1100253634834,346.58628645585617,32.5
88.6%,88599557,-451841.4008209193,86639.69965493085,295.7263268966269,347.69575130156693,32.5
88.8%,88799556,-451425.96225505276,87435.45237336378,298.44246083381074,349.427853318863,32.5
89.0%,88999555,-451820.4373360262,87412.43846942193,298.36390773047157,348.6379235560629,32.5
89.2%,89199554,-452534.2422503354,86657.44086034107,295.78688275648767,348.5896262321264,32.5
89.4%,89399553,-450580.5499249655,86368.72950476805,294.8014274853244,348.02709075910406,32.5
89.6%,89599552,-450779.4725199244,86115.93837582553,293.9385783257363,347.7829530721464,32.5
89.8%,89799551,-451037.65856211726,86906.25455371838,296.63615577932956,349.65535928172267,32.5
90.0%,89999550,-450379.358115247,87455.87366015726,298.5121645857627,348.51190310958776,32.5
90.2%,90199549,-452324.39392363094,87242.20622373756,297.78285589238686,348.6844116556426,32.5
90.4%,90399548,-452196.04289867217,88059.03548266213,300.5709301517107,348.00846798972896,32.5
90.6%,90599547,-452549.15614024503,87544.59767717845,298.8150052900321,349.31746538172655,32.5
90.8%,90799546,-451146.09631546075,87131.89743457193,297.40634012450806,350.6039924716768,32.5
91.0%,90999545,-451035.0138566075,87349.30894126656,298.14842841147043,348.36857975288416,32.5
91.2%,91199544,-452247.7147478005,87853.03432077973,299.8677886682735,348.69299660056083,32.5
91.4%,91399543,-451128.37657266203,88215.5491105396,301.1051563836322,348.07419613268,32.5
91.6%,91599542,-452546.2748489287,87045.64183938899,297.1119248571499,347.8929703233378,32.5
91.8%,91799541,-451444.05326000275,88671.75941459648,302.6623339598296,347.3765946289376,32.5
92.0%,91999540,-450681.39744386356,87142.89408748501,297.44387487805744,348.11038080618744,32.5
92.2%,92199539,-452058.3381815129,86587.83678215544,295.5493039276039,347.6859258411574,32.5
92.4%,92399538,-452133.7295012488,87117.98217821005,297.35884333414384,347.70304973290047,32.5
92.6%,92599537,-452133.039757865,86527.06839963171,295.34188388082663,346.98597259323776,32.5
92.8%,92799536,-451947.1475777505,86749.19044739706,296.1000506054347,348.5848232109251,32.5
93.0%,92999535,-451697.31703268597,86680.97570857964,295.86721399322306,348.00465855446373,32.5
93.2%,93199534,-451990.0885818782,87620.28438085073,299.07334587709636,349.7063537476626,32.5
93.4%,93399533,-452396.0569989318,86629.15213183628,295.6903251529108,347.8090481397184,32.5
93.6%,93599532,-451943.5261900979,87996.07556103327,300.35602974878725,348.6040484430503,32.5
93.8%,93799531,-450838.0086726239,87342.95556205817,298.1267424926115,347.0104673149855,32.5
94.0%,93999530,-451662.28382332064,87529.36052636494,298.76299649198234,349.0389470658745,32.5
94.2%,94199529,-451383.20382823935,87536.46669096022,298.78725188486175,350.1667622665004,32.5
94.4%,94399528,-451042.5112273167,88165.3362462715,300.9337653703657,348.4481006096098,32.5
94.6%,94599527,-452059.6435217629,86996.84370053522,296.94536271046553,347.618137082018,32.5
94.8%,94799526,-451315.2036513537,87033.79827305488,297.071499343404,347.37260127231633,32.4
95.0%,94999525,-451399.44841797464,87115.31681163562,297.34974566794665,348.8343014362512,32.4
95.2%,95199524,-452909.5776786916,87712.83403811022,299.3892445968044,348.4771488426069,32.4
95.4%,95399523,-451239.71752464585,87447.26093019592,298.4827668500115,348.07957261669395,32.4
95.6%,95599522,-451024.05131512415,87504.89745057374,298.67949694642596,350.0313771071381,32.4
95.8%,95799521,-451976.5487402687,87128.08640670197,297.39333198530426,347.10229251418303,32.4
96.0%,95999520,-451193.1350981486,86790.51183069695,296.24109242522667,348.03337808142885,32.4
96.2%,96199519,-452180.6984821819,86586.45007238328,295.54457068650277,347.66854835946805,32.4
96.4%,96399518,-450891.2653567251,87215.53288316587,297.69181207454415,348.9426664484007,32.4
96.6%,96599517,-452206.8536571753,86732.23165913462,296.0421653613555,347.76228152323955,32.4
96.8%,96799516,-451049.6308680489,87823.6406188045,299.76745947099266,349.0235386947108,32.4
97.0%,96999515,-451707.7449550759,86988.79989194224,296.91790686771753,346.89495157037084,32.4
97.2%,97199514,-451698.39161802316,87035.80771769746,297.0783581585386,347.4806849749234,32.4
97.4%,97399513,-452476.2529911841,87653.86830272933,299.1879775055472,347.60089727834804,32.4
97.6%,97599512,-452327.40735970857,87231.75431880623,297.74718052108796,348.54368637747586,32.4
97.8%,97799511,-452029.25546810636,86519.11121220596,295.314723701149,348.1723001828815,32.4
98.0%,97999510,-451610.30816837726,87638.34001011553,299.1349749564162,346.8654350271269,32.4
98.2%,98199509,-452305.21296844445,87120.44997706509,297.3672666446335,349.3680736385552,32.4
98.4%,98399508,-452217.29038704,87738.85875916085,299.47807448882236,346.6723164083819,32.4
98.6%,98599507,-451370.5093102348,87936.0996417859,300.15131460813103,348.48797000837794,32.4
98.8%,98799506,-451937.91652956745,87538.93265951463,298.7956689480065,346.7700631566467,32.4
99.0%,98999505,-451680.25137852645,87325.56567024835,298.06738576757056,348.44965914695166,32.4
99.2%,99199504,-451046.55153502943,86801.33093435015,296.27802115185455,348.3230825499599,32.4
99.4%,99399503,-452251.2616897533,87362.2571458848,298.1926243748326,348.68555794384395,32.4
99.6%,99599502,-452013.8576540807,87159.74177898368,297.50138091678366,348.35374409610887,32.4
99.8%,99799501,-451790.3651066604,87745.74020020798,299.5015628353047,348.3130301095716,32.4
100.0%,99999500,-452466.2532782317,87128.104698196,297.39339441945816,347.0309329796805,32.5
