#"Progress (%)","Step","Potential Energy (kJ/mole)","Kinetic Energy (kJ/mole)","Temperature (K)","Box Volume (nm^3)","Speed (ns/day)"
0.2%,199999,-451004.9953845544,87265.03689786713,297.86078357943796,347.64146920942596,0
0.4%,399998,-450873.71342806006,87232.0260831269,297.74810813123264,348.31724866651984,32.5
0.6%,599997,-452194.935303668,86798.45176299044,296.2681937081526,346.68877713959944,32.5
0.8%,799996,-451522.47316095745,86804.12453568354,296.28755652033374,348.1774046405987,32.5
1.0%,999995,-450932.8918649256,87478.08905890898,298.58799216018366,348.466990238865,32.5
1.2%,1199994,-452198.9838699079,86523.26009646908,295.3288850418362,348.45242986030047,32.5
1.4%,1399993,-452369.36126743676,87059.14716039781,297.1580224197154,346.4850983885036,32.5
1.6%,1599992,-452922.4763982943,87006.11578983295,296.9770110301342,348.433832009283,32.5
1.8%,1799991,-450504.18123038346,87345.326063369,298.1348336984715,349.1743768432828,32.5
2.0%,1999990,-450999.33231800003,86451.76314282638,295.0848452821272,347.72624292523983,32.5
2.2%,2199989,-451288.077842867,87484.28442122787,298.60913872174444,347.80576179179985,32.4
2.4%,2399988,-452588.11828596797,87584.18354373578,298.95012328975565,346.2689917006247,32.4
2.6%,2599987,-451680.84597575385,85968.56619166036,293.43555448235406,347.2519656803723,32.4
2.8%,2799986,-451448.78488323325,87375.8767128184,298.23911189174737,349.13804626252283,32.4
3.0%,2999985,-450895.16450501233,87683.83936610934,299.290277404114,348.54255504594323,32.4
3.2%,3199984,-451763.8261841545,87635.34803110559,299.1247624676116,349.3699483238312,32.3
3.4%,3399983,-452496.3842305653,87064.48696218256,297.1762487059843,349.3010710286772,32.3
3.6%,3599982,-451696.0441073645,88213.68268353253,301.0987857290083,348.6408113341655,32.3
3.8%,3799981,-451499.54908873746,87600.55130315281,299.0059911816251,347.2004066749299,32.3
4.0%,3999980,-452190.569861826,87547.99781206029,298.8266109327521,347.19714294947477,32.3
4.2%,4199979,-450353.8469014163,87720.35681553173,299.41492200962773,348.83057707623,32.3
4.4%,4399978,-450743.7710796152,86633.32640932058,295.70457316799855,349.23956452119046,32.3
4.6%,4599977,-452276.172785664,87095.87612565735,297.28338898989256,348.6600322932871,32.3
4.8%,4799976,-451792.5886619622,87483.03285255334,298.6048667562545,347.76464513815904,32.3
5.0%,4999975,-450655.6063360553,86795.69417145397,296.2587812515142,348.7894372920504,32.3
5.2%,5199974,-451910.98990076734,87281.92893936497,297.918440997525,347.918202704376,32.3
5.4%,5399973,-451848.54607458087,87527.49540570675,298.75663029630454,347.85019189353056,32.3
5.6%,5599972,-451652.3825103841,86834.69859854806,296.39191463035996,349.10268036650865,32.3
5.8%,5799971,-453436.6490528146,87335.48524563212,298.10124414432283,348.8817862690859,32.3
6.0%,5999970,-451187.0270338501,87442.9081683302,298.4679096161623,349.23861800551987,32.3
6.2%,6199969,-451635.7052435484,87689.50739749464,299.3096240328418,347.70687205760413,32.3
6.4%,6399968,-451862.2494828012,87264.55182955624,297.8591279011468,347.7787026342213,32.3
6.6%,6599967,-450333.48121333634,87251.89378849187,297.8159223498281,350.2023421382652,32.3
6.8%,6799966,-450413.90655018156,86839.40710479277,296.40798612255657,349.1385757957779,32.3
7.0%,6999965,-450600.97604765743,86852.19580463838,296.45163765004554,347.8218118682046,32.3
7.2%,7199964,-450035.0346109173,87213.20437375735,297.6838641991791,349.237413523448,32.3
7.4%,7399963,-451644.1236338597,87268.76500581915,297.87350868900455,347.70003503595865,32.3
7.6%,7599962,-451014.7132488247,87695.35283692417,299.32957620648125,347.70561064410697,32.3
7.8%,7799961,-450070.66152651,87110.19769443898,297.3322726419372,350.25344937323473,32.3
8.0%,7999960,-451864.53479750967,87195.13346430071,297.62218296414966,347.8914010208831,32.3
8.2%,8199959,-451165.9185135197,87417.2177225668,298.3802207022786,348.1267962628398,32.3
8.4%,8399958,-450107.8612832655,87659.08598501951,299.2057869626983,349.5832356234689,32.3
8.6%,8599957,-451471.5456608087,87658.80556944385,299.2048298233208,349.53396535316546,32.3
8.8%,8799956,-452996.6123994924,87373.36876375799,298.23055153700653,346.700198095471,32.3
9.0%,8999955,-450517.10353777837,87708.27029109909,299.373667209696,349.20658893132844,32.3
9.2%,9199954,-451782.1244161851,87349.2495591573,298.1482257231748,350.19943256021145,32.3
9.4%,9399953,-452738.58771292306,87462.09025216731,298.5333836103931,347.7844990772957,32.3
9.6%,9599952,-452697.30748561025,87246.20566727791,297.7965071487108,347.06166756336773,32.3
9.8%,9799951,-453203.74674144806,86962.80017311033,296.8291623154957,347.2872102113975,32.3
10.0%,9999950,-452076.3178352765,87529.07281062391,298.76201443503123,345.53613432924044,32.3
10.2%,10199949,-452285.9243313642,86526.89676371287,295.3412980378465,348.1456225988849,32.3
10.4%,10399948,-451056.66836191854,86709.3440764423,295.9640434289377,347.47647638201477,32.3
10.6%,10599947,-451159.19034362165,87324.50004314817,298.0637484743963,347.9851958316588,32.3
10.8%,10799946,-451621.0513606854,87837.55375872264,299.8149490373229,348.6792717369572,32.3
11.0%,10999945,-453535.7470572181,87214.3590404496,297.68780541020647,348.13413438393184,32.3
11.2%,11199944,-452053.9075875059,87208.95047915493,297.6693444278642,349.01929652576723,32.3
11.4%,11399943,-451854.0510531743,87438.58282472915,298.453145968772,348.5407266157039,32.3
11.6%,11599942,-452864.36922022654,87939.33131878288,300.1623452554191,348.86668956174066,32.3
11.8%,11799941,-451389.8412273396,86935.05827583163,296.73447120488424,348.950463229923,32.3
12.0%,11999940,-452692.268025219,88505.88602651912,302.0961601621204,348.4470248729912,32.3
12.2%,12199939,-451340.8316979008,87893.11892284302,300.00460899637363,349.21006009873713,32.3
12.4%,12399938,-451718.5348027507,87253.55779479747,297.82160208411443,348.5037209721823,32.3
12.6%,12599937,-451109.2898411355,87725.53027417453,299.4325805186932,349.19684592072576,32.3
12.8%,12799936,-452515.11111863377,87446.52474371085,298.4802540328387,347.11212600797626,32.3
13.0%,12999935,-452599.1508590607,87773.68643786351,299.59695141866047,348.74274513827106,32.3
13.2%,13199934,-451440.01749100955,87998.36146098527,300.3638321857665,348.9621657614556,32.3
13.4%,13399933,-450339.42871979065,86856.92940145923,296.46779478362765,350.05095510871604,32.3
13.6%,13599932,-451194.92888792465,87006.9452849495,296.979842336625,348.42157103111794,32.3
13.8%,13799931,-451847.7520529907,87470.55797467346,298.5622863938042,347.5026494883328,32.3
14.0%,13999930,-452179.8945387928,87259.40974064078,297.84157646602404,347.126507820575,32.3
14.2%,14199929,-452554.58909488143,87337.13963601971,298.10689105670275,346.5863897326698,32.3
14.4%,14399928,-452089.2726743971,88081.8334114725,300.6487460695265,347.3027835765127,32.3
14.6%,14599927,-451061.92670501256,88197.74552928156,301.04438761698117,348.18474483896057,32.3
14.8%,14799926,-452333.96365428856,88403.34837626491,301.7461695365866,348.08018379094784,32.3
15.0%,14999925,-451846.76233244454,87451.28623254655,298.49650636992607,347.18654285116367,32.3
15.2%,15199924,-450623.5581582752,87848.93880355195,299.8538094846967,347.8482862659514,32.3
15.4%,15399923,-451122.27444855124,87605.27087700972,299.0221004507798,348.3669043946061,32.3
15.6%,15599922,-450870.7528516841,87135.90100466373,297.42000546594426,348.1332190876484,32.3
15.8%,15799921,-452782.8693101518,87660.88340481644,299.2119220757764,347.20901340555037,32.3
16.0%,15999920,-451249.4388037068,87089.96441777598,297.2632106228806,350.00942331609593,32.3
16.2%,16199919,-452438.8110813331,87191.93405627192,297.61126246017324,346.6690749456296,32.3
16.4%,16399918,-452733.25680616265,87466.84087987093,298.54959887529867,348.369694951084,32.3
16.6%,16599917,-451351.526670116,86913.10474177625,296.65953745032994,348.46543844662665,32.3
16.8%,16799916,-450948.5448690294,86755.94634986116,296.1231104524625,348.9578205642352,32.3
17.0%,16999915,-452551.7065031417,87201.44261064776,297.64371790347303,348.10105327684835,32.3
17.2%,17199914,-452471.6669957321,86955.08148498501,296.8028162028378,347.94942798133184,32.3
17.4%,17399913,-450988.4835051,87095.74918259087,297.28295569653017,349.2852849506688,32.3
17.6%,17599912,-452123.6808552765,86572.2339620582,295.4960469946394,348.83708684699246,32.3
17.8%,17799911,-453276.5529124816,87594.17808363936,298.9842375420728,348.28333618208177,32.3
18.0%,17999910,-450492.93986155326,87155.38573410199,297.4865124770524,350.88963190352086,32.3
18.2%,18199909,-452163.68143218104,87071.9006588856,297.2015537947998,347.947150021969,32.3
18.4%,18399908,-451713.9298186437,88199.93606000929,301.0518645312439,347.7896847304831,32.3
18.6%,18599907,-453190.82875292003,87140.30833948951,297.4350489730735,347.5102515202171,32.3
18.8%,18799906,-452221.9259822946,88192.70346729568,301.0271776026689,347.90856644817023,32.3
19.0%,18999905,-451791.65917926515,87477.28098308167,298.58523396391547,348.1085273352612,32.3
19.2%,19199904,-452535.61251198687,87961.79754423542,300.2390289738388,348.37274682752246,32.3
19.4%,19399903,-451089.6328721964,86581.30917224364,295.5270233090154,348.0337294915447,32.3
19.6%,19599902,-451138.1668759966,87719.42480760883,299.41174079731076,349.27600380523603,32.3
19.8%,19799901,-451510.0583181074,87730.08381046164,299.4481230536505,347.37579912180433,32.3
20.0%,19999900,-451339.54952900624,87174.92996901379,297.553222597534,349.21517305603686,32.3
20.2%,20199899,-452084.44409513474,86747.90614296508,296.0956669033466,346.9813690317645,32.3
20.4%,20399898,-451879.84265015787,87155.19625656295,297.4858657354677,347.0169056140638,32.3
20.6%,20599897,-451480.881833212,86704.83232924127,295.9486435322049,348.3894636269888,32.3
20.8%,20799896,-451855.47976076,86877.35417041287,296.5375104211983,348.49264722360783,32.3
21.0%,20999895,-452189.28587421123,86781.5031281734,296.2103431207161,348.5431299177338,32.3
21.2%,21199894,-451651.11467372114,86979.08415661578,296.8847442559744,348.64943497713193,32.3
21.4%,21399893,-451069.6258398318,88619.19339540739,302.48291094894336,349.5411025081518,32.3
21.6%,21599892,-451489.9339919877,87641.42661895498,299.1455104441694,347.7102207691016,32.3
21.8%,21799891,-452144.00202519493,87809.16727971216,299.718057783028,347.1881621491004,32.3
22.0%,21999890,-451852.69698477536,87038.49721644733,297.0875381948229,348.6561982664096,32.3
22.2%,22199889,-451123.4099778817,87023.35961815086,297.0358691982765,348.22689462941236,32.3
22.4%,22399888,-452280.1176835769,87387.7012820656,298.279472562947,347.28784808231734,32.3
22.6%,22599887,-452037.4137121984,87220.26672706171,297.7079700514646,347.12349670638054,32.3
22.8%,22799886,-453147.6196954148,87457.64514534164,298.5182111765152,347.28753183422316,32.3
23.0%,22999885,-451724.07285525696,86881.75949113147,296.5525470535978,347.7671366990239,32.3
23.2%,23199884,-451204.92582857236,87241.0277017887,297.77883325647633,347.7903137600333,32.3
23.4%,23399883,-452052.8521923218,86851.76461594983,296.4501658784723,348.9685618096502,32.3
23.6%,23599882,-450882.0790978279,87393.04897997697,298.29772580097733,348.4373607126822,32.3
23.8%,23799881,-451949.84217920667,87260.30625476106,297.8446365277378,348.1586007616958,32.3
24.0%,23999880,-452750.37011686433,86904.26943742984,296.6293800038962,348.0752155477139,32.2
24.2%,24199879,-452842.3672659183,87245.34052449733,297.79355416644324,346.3668492512179,32.2
24.4%,24399878,-452148.652885125,87328.5560418485,298.07759276982114,346.6546959356084,32.2
24.6%,24599877,-452562.81286014104,87953.02654662996,300.2090910248915,347.06082382273894,32.2
24.8%,24799876,-451796.7659528358,87155.47084842826,297.48680299683923,348.52649338260414,32.2
25.0%,24999875,-451801.5707648359,86206.01053663902,294.246020634275,348.2409948773981,32.2
25.2%,25199874,-452289.54332057526,87175.61191809969,297.55555028679316,347.7914973920545,32.2
25.4%,25399873,-451950.04817744344,87412.82194460061,298.3652166420502,347.1809116185005,32.2
25.6%,25599872,-451874.7681100257,87041.47713561097,297.0977095198878,349.0017502884441,32.2
25.8%,25799871,-452765.1820082767,87593.98962206638,298.9835942682738,348.1641572603415,32.2
26.0%,25999870,-452414.246401323,87763.59549019497,299.56250809878736,347.5035389969083,32.2
26.2%,26199869,-451246.86347119696,87676.29393731133,299.2645226755983,347.87899142666197,32.2
26.4%,26399868,-451229.8684516959,87528.07925312128,298.75862313621576,347.13060478896637,32.2
26.6%,26599867,-451984.10739241587,88182.71980766184,300.99310048785594,347.3287690544412,32.2
26.8%,26799866,-452203.8568758266,87506.50336061206,298.6849783813669,349.0670455787038,32.2
27.0%,26999865,-450869.3935358031,87003.71534134843,296.96881760591805,349.3194699594413,32.2
27.2%,27199864,-452066.3991782903,87860.63719250998,299.89373946611335,348.5251911575679,32.2
27.4%,27399863,-451504.0207252572,86507.7062274348,295.2757951929926,349.00133512312186,32.2
27.6%,27599862,-452447.86517398246,87284.8804906219,297.92851549472823,347.76046621254596,32.2
27.8%,27799861,-451760.07450295053,87176.71131939394,297.55930286104984,349.032487952481,32.2
28.0%,27999860,-451746.74297281494,87177.59326824301,297.5623132072848,348.3125769046292,32.2
28.2%,28199859,-451578.8457600898,88034.64214885083,300.4876686556816,347.27164585178826,32.2
28.4%,28399858,-451282.1033074069,87596.68222021282,298.99278488369407,348.80973819073967,32.2
28.6%,28599857,-451937.55009583896,87858.48599560073,299.8863968095374,347.61316445980907,32.2
28.8%,28799856,-451717.8340891106,87334.32200283147,298.0972736605596,346.99863164594314,32.2
29.0%,28999855,-451675.2075910312,87464.56982317293,298.5418471026339,347.4899742061785,32.2
29.2%,29199854,-452676.1498440509,88323.64872511546,301.4741316003606,347.7156017602936,32.2
29.4%,29399853,-451691.7095040302,86751.5860805983,296.10822759369773,347.430666965063,32.2
29.6%,29599852,-451949.7600135952,87214.89681340661,297.68964098468234,347.6982419728501,32.2
29.8%,29799851,-451388.1965829511,87456.32899957732,298.5137187907602,347.86588275566845,32.2
30.0%,29999850,-451328.980998544,86622.02701394411,295.6660050669531,348.7300424026704,32.2
30.2%,30199849,-450213.7700122148,87795.93832938839,299.67290355345966,350.1761619524391,32.2
30.4%,30399848,-452732.6978130345,86962.99639386038,296.8298320736078,346.58893882780546,32.2
30.6%,30599847,-452060.67930287356,87364.76020248192,298.2011680301826,347.63218899339034,32.2
30.8%,30799846,-451432.815403766,86864.51980469443,296.4937030228915,347.9457343906833,32.2
31.0%,30999845,-450741.30416349834,87357.83909169398,298.17754427941344,347.6912856099085,32.2
31.2%,31199844,-453206.6262617749,86855.47658854071,296.4628359133895,346.3068176294521,32.2
31.4%,31399843,-451732.31464454765,87807.67302478163,299.71295745922936,348.123458560987,32.2
31.6%,31599842,-451180.45511910506,87692.61897929688,299.3202447605322,347.2544577497112,32.2
31.8%,31799841,-450639.0398683697,87450.61002875507,298.4941982910167,348.7207116638306,32.2
32.0%,31999840,-451438.17767892126,87885.06312515878,299.9771122313932,348.99626259217206,32.2
32.2%,32199839,-451455.113904139,87839.55218888476,299.82177025685337,349.1056358255981,32.2
32.4%,32399838,-451968.7578149424,87328.99653908715,298.07909631416527,347.7773891734054,32.2
32.6%,32599837,-451564.3351593651,87382.85614629643,298.26293471470836,348.3177655363713,32.2
32.8%,32799836,-452119.321100079,87543.87998198593,298.8125555889833,348.1026962486764,32.2
33.0%,32999835,-451811.2322871946,86902.34684877534,296.62281765334336,346.0949910938649,32.2
33.2%,33199834,-451783.16945685213,87550.93445293885,298.836634536526,345.94874594434305,32.3
33.4%,33399833,-451848.5116271507,87584.3545440005,298.9507069630646,346.75515959095605,32.3
33.6%,33599832,-451578.65971739264,87971.14969786012,300.27095057618766,347.9505764579698,32.3
33.8%,33799831,-451974.57961886795,87585.58733972465,298.9549148510509,348.5955861966491,32.3
34.0%,33999830,-452356.3737784601,88099.62955129513,300.7094894364085,347.05126062122736,32.3
34.2%,34199829,-451826.32392931264,87563.07919392575,298.8780880463774,348.04303503703596,32.3
34.4%,34399828,-452039.29056974454,87316.6466879471,298.0369427041007,348.78004568495817,32.3
34.6%,34599827,-452211.6184072718,87231.49971339689,297.74631147926516,347.87821286443545,32.3
34.8%,34799826,-452770.75985112786,87502.76566034046,298.6722205304422,346.7554379150929,32.3
35.0%,34999825,-452206.1714123697,87568.54259227682,298.8967362034367,349.29515842018117,32.3
35.2%,35199824,-452119.73899924103,86779.32862144755,296.20292090100145,346.8370809653767,32.2
35.4%,35399823,-451119.836730374,87125.9541630653,297.3860540217237,347.8240693967346,32.2
35.6%,35599822,-450843.4746651212,87211.62601340277,297.6784767992684,349.4656667637847,32.2
35.8%,35799821,-452178.34536040016,86831.05740380217,296.37948618067696,350.7644289643543,32.2
36.0%,35999820,-451711.32756662834,88055.52339792803,300.5589423918003,348.16090931633346,32.2
36.2%,36199819,-452196.574706797,87163.97643821273,297.5158350322118,348.220615785719,32.2
36.4%,36399818,-453182.168539227,86670.10218524898,295.8300995165131,347.830879891756,32.2
36.6%,36599817,-451425.8372519477,87276.42041703605,297.899638819292,348.9114228808043,32.2
36.8%,36799816,-452089.95369425137,86935.77011416771,296.7369009147898,347.11721783718053,32.2
37.0%,36999815,-451311.3355054837,87205.71166470111,297.65828941837384,347.1750475949201,32.2
37.2%,37199814,-452403.8359996211,87511.51734515786,298.702092559264,346.4108339537064,32.2
37.4%,37399813,-451891.00337180356,87014.0991169218,297.00426043203424,349.00408998423785,32.2
37.6%,37599812,-451026.6713695158,87003.939942856,296.9695842357553,347.43666650846075,32.2
37.8%,37799811,-451590.0118439342,87470.22018867325,298.56113343259216,348.2898290863981,32.2
38.0%,37999810,-451360.7740080296,86723.38546009385,296.01197072818223,347.99171977256634,32.2
38.2%,38199809,-452112.3518488994,87173.83029122435,297.5494690795193,346.93700598591613,32.2
38.4%,38399808,-451895.13652856834,87330.41441388661,298.08393593050874,348.76483231556506,32.2
38.6%,38599807,-451418.7827498182,87175.12041820906,297.55387265566213,349.396745634279,32.2
38.8%,38799806,-452788.33450557385,87695.09183285324,299.32868532417785,346.62625266966995,32.2
39.0%,38999805,-451960.8298826008,87274.66515268598,297.89364759493367,347.0581515157799,32.2
39.2%,39199804,-450806.28544924455,87090.17043295782,297.2639138122182,348.84032326101345,32.2
39.4%,39399803,-452858.8848520494,87582.57479356689,298.94463216062854,346.1492397046445,32.2
39.6%,39599802,-451551.6102027255,87485.59353573731,298.613607107795,349.3645365877396,32.2
39.8%,39799801,-452009.8074228973,87104.02931574514,297.3112181832849,348.3616888502043,32.2
40.0%,39999800,-452147.63459120225,87086.1439067118,297.2501701147951,346.85345145461577,32.2
40.2%,40199799,-452546.8215866289,86696.82323511175,295.92130617995036,348.3001467120001,32.2
40.4%,40399798,-452857.0665933001,88028.98141641717,300.46834694038455,347.04061539609296,32.2
40.6%,40599797,-452816.3753372007,86818.02125319815,296.33499003225586,347.9165562089513,32.2
40.8%,40799796,-452428.76401852164,87520.24579670886,298.731885286235,350.0373329988233,32.2
41.0%,40999795,-453304.6246814411,88139.6453052857,300.8460747661449,346.93342413746643,32.2
41.2%,41199794,-452523.6125817024,87277.52712909586,297.9034163473039,348.47162475198894,32.2
41.4%,41399793,-451965.4637451344,87995.6100429371,300.3544408010274,349.82591167927444,32.2
41.6%,41599792,-451279.3708788296,87782.97998602677,299.62867298363705,348.86642646381347,32.2
41.8%,41799791,-452850.642477999,86834.72102198913,296.3919911680429,348.506463439448,32.2
42.0%,41999790,-451771.97384696826,87489.41859774973,298.6266631495817,348.4935832985306,32.2
42.2%,42199789,-451379.0765558835,87230.50980226044,297.74293262655095,347.72715098469126,32.2
42.4%,42399788,-451035.19870893285,87156.36269200675,297.4898471166444,348.774791628189,32.2
42.6%,42599787,-452062.5703540696,87560.95159648928,298.87082594162047,350.06826251976577,32.2
42.8%,42799786,-451214.5040921159,87451.70995864503,298.4979526695233,347.5416800097606,32.2
43.0%,42999785,-452301.95376267144,88183.29757330741,300.9950725689326,347.31361734070936,32.2
43.2%,43199784,-450902.61130898213,86452.83870561651,295.0885164886818,346.7395389631251,32.2
43.4%,43399783,-452654.45325541636,86752.81548569971,296.1124239085091,349.05174034696614,32.2
43.6%,43599782,-451256.90778968064,87137.87942650088,297.4267583912808,347.47814008572027,32.2
43.8%,43799781,-451649.79123516567,87833.26609326887,299.8003139963352,348.0679332807419,32.2
44.0%,43999780,-450703.45023311535,86820.53325139836,296.34356420788066,349.5889777344857,32.2
44.2%,44199779,-451037.92061445815,87181.87806598004,297.57693845992657,348.2054592644447,32.2
44.4%,44399778,-451571.2718433603,86748.97674827711,296.09932118859626,347.69637801986363,32.2
44.6%,44599777,-452353.7616288448,87526.44383362285,298.75304097696164,347.6979874654409,32.2
44.8%,44799776,-451038.89674701076,86676.74225829149,295.85276400425954,348.1697282088787,32.2
45.0%,44999775,-452270.6582668829,86897.79699446302,296.60728768602985,347.77337704565673,32.2
45.2%,45199774,-451930.669582915,86404.20913353655,294.92252970909885,348.8983601639525,32.2
45.4%,45399773,-451020.5879648817,87275.44681564561,297.89631563645327,348.83199435797735,32.2
45.6%,45599772,-451410.0666831704,86674.38962894515,295.84473380057796,346.7465318708366,32.2
45.8%,45799771,-450868.92746385233,87759.88601141484,299.5498465759668,348.7583428149766,32.2
46.0%,45999770,-451385.7929038373,86813.6580027038,296.32009699768673,348.66080576397513,32.2
46.2%,46199769,-453173.8717626417,87562.59875758982,298.876448178355,345.7223579077866,32.2
46.4%,46399768,-452557.7063777689,86885.15465086524,296.5641357147,347.76579331804015,32.2
46.6%,46599767,-451401.42267583404,86717.72972327167,295.99266606435054,347.94853170187923,32.2
46.8%,46799766,-451816.06477439404,87103.83462597558,297.31055365085155,347.1783043071525,32.2
47.0%,46999765,-452909.30384959653,87265.50706572545,297.86238839817946,347.69133506809675,32.3
47.2%,47199764,-452257.38257699274,88005.5004881036,300.3881997479318,347.95485911095284,32.3
47.4%,47399763,-452313.49197089765,87354.30934552121,298.1654962359102,349.0058999019021,32.3
47.6%,47599762,-450938.27798493113,86502.02539969748,295.2564048866182,347.8727590617253,32.3
47.8%,47799761,-450831.8615703969,87077.62168750764,297.2210813184085,347.6625480989214,32.3
48.0%,47999760,-452421.289674256,86529.7738883578,295.3511184955196,348.30519249863374,32.3
48.2%,48199759,-452451.1217393256,87879.11354502596,299.956804595445,348.6681201822482,32.3
48.4%,48399758,-450933.96346854884,87038.25264738686,297.0867034099586,348.21844090151626,32.3
48.6%,48599757,-451810.54102093214,87132.595747613,297.40872366867404,346.8289248853973,32.3
48.8%,48799756,-453014.5359607064,88006.15081523382,300.39041950231996,347.69415365109194,32.3
49.0%,48999755,-452079.5485634282,87113.31514977873,297.3429134177082,348.7985977323374,32.3
49.2%,49199754,-451462.3499608878,87633.91312067304,299.1198647037304,347.9402817112088,32.3
49.4%,49399753,-450740.6538518327,87064.55425387173,297.1764783919613,349.21845958636874,32.3
49.6%,49599752,-451095.654280256,87926.13987172034,300.1173190353168,348.7223898199474,32.3
49.8%,49799751,-451054.7475930415,88477.6950453876,301.99993619856974,348.13404974482137,32.3
50.0%,49999750,-453099.11876443494,87402.6885965399,298.3306285973882,347.2876781782775,32.3
50.2%,50199749,-451090.4932642104,87062.82595490303,297.17057920824044,349.5821237120444,32.3
50.4%,50399748,-452058.2604916664,87874.62404695444,299.9414806414195,348.3098067968389,32.3
50.6%,50599747,-452116.967481859,87915.07238143148,300.0795424933375,348.5539589653259,32.3
50.8%,50799746,-450186.6096180631,87438.57968179847,298.4531352410415,348.8880423112964,32.3
51.0%,50999745,-450901.2160593597,86631.6784585648,295.6989482359425,348.3959138686597,32.3
51.2%,51199744,-450733.8691429817,87174.55854845786,297.55195483186566,348.4705863195313,32.3
51.4%,51399743,-451952.938887584,86828.78950778674,296.3717451963349,346.3361079929726,32.3
51.6%,51599742,-451752.3920302293,86356.53130640491,294.75979151000297,349.53852436527575,32.3
51.8%,51799741,-451975.27678339416,86922.38470600126,296.69121264940065,349.1194749525724,32.3
52.0%,51999740,-450871.05215784535,87912.23950871557,300.0698730802835,347.7703992204399,32.3
52.2%,52199739,-451644.1181079671,87604.96863414123,299.0210688085455,348.0755327676714,32.3
52.4%,52399738,-450810.3633606415,87728.30801849626,299.4420617626102,349.28451288637837,32.3
52.6%,52599737,-452809.3243089989,86690.75023295695,295.90057726898203,346.9805508925971,32.3
52.8%,52799736,-452295.0148670692,86892.41651260888,296.5889225469308,348.2300730720704,32.3
53.0%,52999735,-453213.2342262515,87275.52353549772,297.8965775034744,346.68111349202263,32.3
53.2%,53199734,-449470.02876645746,86655.07579592371,295.7788101083159,350.4946910147327,32.3
53.4%,53399733,-451391.9810257042,87240.19056054321,297.77597585153836,349.0473306302772,32.3
53.6%,53599732,-451886.4073573486,88454.35800926475,301.92028015173724,348.6228710868166,32.3
53.8%,53799731,-450915.4645016603,86774.7607788028,296.18732953431214,349.3678297307914,32.3
54.0%,53999730,-451979.1855016933,87925.14189006644,300.11391263559483,348.1636053430752,32.3
54.2%,54199729,-451535.24647408025,86988.56026862969,296.9170889641197,348.1539727303678,32.3
54.4%,54399728,-451127.24289585324,87433.29055824608,298.4350819342216,346.85606931809457,32.3
54.6%,54599727,-452933.9667958128,86913.50143564167,296.6608914811055,346.9581939128143,32.3
54.8%,54799726,-450995.6532397475,87751.40563437785,299.52090059898586,349.03983364454245,32.3
55.0%,54999725,-450484.2346562813,86566.87139104959,295.477742990431,350.0819507799526,32.3
55.2%,55199724,-452079.4666165649,87278.19752935087,297.9057046170665,348.37605204305294,32.3
55.4%,55399723,-451499.57873904053,87101.14487634957,297.3013727582545,348.5957255436373,32.3
55.6%,55599722,-451047.67576573556,87819.55721555662,299.75352163592925,348.7982485251464,32.3
55.8%,55799721,-450752.53626611596,87030.22033624601,297.05928681133645,348.87984876143275,32.3
56.0%,55999720,-452221.0737222042,87608.22274167859,299.0321760177485,348.18126600870914,32.3
56.2%,56199719,-450419.24402557453,86418.0071072327,294.9696261798395,351.16197604802596,32.3
56.4%,56399718,-450787.30604470475,86960.38396061055,296.82091508414095,348.5993199092613,32.3
56.6%,56599717,-451125.9731228547,87665.01659617625,299.22602985205066,348.2959510797702,32.3
56.8%,56799716,-450066.36701070843,87977.82306811452,300.2937287169386,349.40322770074215,32.3
57.0%,56999715,-451363.04463747283,88155.04987497686,300.89865501319485,348.34394106770486,32.3
57.2%,57199714,-450892.4572270685,87446.04739531223,298.4786247048385,349.96657016256887,32.3
57.4%,57399713,-451450.01621695096,86941.67993556926,296.7570728427011,347.7957703321359,32.3
57.6%,57599712,-451916.9382241885,87549.02843775891,298.83012875603026,348.02499130720315,32.3
57.8%,57799711,-451821.94421244506,87243.5736642942,297.7875233620881,348.656637500995,32.3
58.0%,57999710,-451980.2294482272,88292.74459842988,301.3686468871509,348.69066706326583,32.3
58.2%,58199709,-451057.4648682326,88139.22710736186,300.84464733580495,348.61376133341014,32.3
58.4%,58399708,-450836.1802280708,87360.77845596988,298.1875771789293,349.13481404386386,32.3
58.6%,58599707,-453097.2168803355,87855.96228774195,299.87778266546485,348.63324325877693,32.3
58.8%,58799706,-451821.484383957,87387.64129580808,298.2792678125188,347.6825853359046,32.3
59.0%,58999705,-451692.1967887669,87334.10529167845,298.09653396278213,347.39334060684763,32.3
59.2%,59199704,-450806.65267114993,87324.91870362393,298.0651774835596,349.536829936238,32.3
59.4%,59399703,-450139.80389025435,87459.33732018329,298.5239870581535,349.79159944275807,32.3
59.6%,59599702,-451509.75690426305,86675.69100241817,295.8491757642347,348.8448506200776,32.3
59.8%,59799701,-450009.2067704415,86796.41447019136,296.26123983921394,348.3380685403439,32.3
60.0%,59999700,-453495.4616138153,87077.73722216632,297.2214756715789,348.25824790363737,32.3
60.2%,60199699,-451591.24029099336,87164.19332864974,297.51657534193737,347.09184264492984,32.3
60.4%,60399698,-451048.09918788355,86764.1172797769,296.15100019701305,347.90096188410644,32.3
60.6%,60599697,-451957.7608904126,87564.63976118667,298.8834147133186,347.9740620914597,32.3
60.8%,60799696,-452127.0590738058,87568.61964706064,298.89699921367657,349.0944901744712,32.3
61.0%,60999695,-451499.23582376214,87944.75038905663,300.18084210794314,348.7490913932521,32.3
61.2%,61199694,-453356.14537928253,86775.94762104179,296.19138056977675,346.10855932232437,32.3
61.4%,61399693,-451557.419608267,86660.18170921598,295.7962380655848,347.7124873183715,32.3
61.6%,61599692,-452308.5801109425,86858.98906222719,296.47482500090666,348.2000080236628,32.3
61.8%,61799691,-451657.4715199233,86253.03455809574,294.40652720570466,347.0359178762066,32.3
62.0%,61999690,-451564.6051247027,87854.15494415083,299.8716136796099,349.5045949557251,32.3
62.2%,62199689,-452288.725921751,87554.10290611396,298.8474493826433,348.19671951809096,32.3
62.4%,62399688,-451106.51474772627,87352.65581888326,298.15985227175736,348.7246931699451,32.3
62.6%,62599687,-451730.6934978245,87099.12915017702,297.29449250244323,348.9739098468346,32.3
62.8%,62799686,-451771.8656904418,87770.00188183389,299.5843749643881,347.68159174371516,32.3
63.0%,62999685,-451011.5094472356,86491.76148864377,295.2213711927389,349.61936947855116,32.3
63.2%,63199684,-453186.6396162603,87900.08640324208,300.02839102002264,347.67782226177593,32.3
63.4%,63399683,-451711.1794041386,87286.90963501671,297.9354415508089,347.3764146861041,32.3
63.6%,63599682,-452593.47263779026,87356.53732130234,298.1731009609588,348.6917462911088,32.3
63.8%,63799681,-451193.7893305365,86823.2473503226,296.3528282116676,348.1867001007573,32.3
64.0%,63999680,-451384.4723362108,86715.05024682436,295.9835202370806,347.1928264564998,32.3
64.2%,64199679,-452664.44873530697,87277.56102727685,297.9035320515895,346.49097106214356,32.3
64.4%,64399678,-452161.36424648296,87032.32943667728,297.06648578047043,345.976858139849,32.3
64.6%,64599677,-451184.47578524984,86920.81340153067,296.68584933326065,349.5251879056736,32.3
64.8%,64799676,-450394.8392348434,87043.94080832275,297.1061187466583,347.5479546002724,32.3
65.0%,64999675,-451349.6450993684,87558.54232495281,298.8626024017789,349.9166340832595,32.3
65.2%,65199674,-452069.6913753492,87406.46628144913,298.3435229274336,347.5909159979051,32.3
65.4%,65399673,-451306.3612391413,88238.03585110488,301.181910126059,348.1555896415433,32.3
65.6%,65599672,-451151.30976504553,87134.9980715813,297.4169234944582,347.7297971017433,32.3
65.8%,65799671,-451234.34253513627,87460.45740320487,298.52781022512096,348.57374440650716,32.3
66.0%,65999670,-451542.506021576,87210.5231217976,297.67471231157214,348.50827698786844,32.3
66.2%,66199669,-451012.87347025704,87289.04410948558,297.94272712886425,348.2326645730772,32.3
66.4%,66399668,-452028.92682410544,87064.91049845202,297.1776943576402,348.93687933904965,32.3
66.6%,66599667,-451758.82588035706,87944.38395096711,300.17959134887224,347.6878639525768,32.3
66.8%,66799666,-450477.162373486,87457.53967201733,298.5178511655859,348.2265160165199,32.3
67.0%,66999665,-450490.65619439585,87389.48318450205,298.2855547107905,349.6557365649964,32.3
67.2%,67199664,-451944.15137339523,86734.87060742406,296.05117285431334,347.43981249714125,32.3
67.4%,67399663,-452274.75567888375,87156.96153370058,297.491891136363,348.0932870855471,32.3
67.6%,67599662,-451375.4622422359,87199.19328047492,297.6360402897159,349.8460900293341,32.3
67.8%,67799661,-451446.0792590389,86932.26106664105,296.724923521746,348.8333750643096,32.3
68.0%,67999660,-450892.31153904134,87294.46415206348,297.9612273001434,347.43427992577364,32.3
68.2%,68199659,-452184.9829393639,87871.65107839927,299.9313330407895,347.5450099850198,32.3
68.4%,68399658,-451839.2522658091,87924.80966763804,300.11277866446085,349.0836593344698,32.3
68.6%,68599657,-451089.0708471611,86801.2251645634,296.27766012901327,347.90543267059644,32.3
68.8%,68799656,-451554.12790464703,87248.64244728908,297.8048245829243,348.6473388301784,32.3
69.0%,68999655,-450914.59637552453,87523.1689927046,298.7418629987394,350.1240105515233,32.3
69.2%,69199654,-451496.9516233895,87006.28704170196,296.9775955622412,347.41224236227765,32.3
69.4%,69399653,-451947.1392917624,87390.78121886033,298.2899852770839,347.205873874903,32.3
69.6%,69599652,-451455.3359431112,87395.16130382006,298.30493577254725,349.2292537634551,32.3
69.8%,69799651,-452528.731712169,87070.69288103806,297.1974313000545,346.3294132102301,32.3
70.0%,69999650,-452524.0368597489,87789.56146956026,299.6511374884616,349.59509009746307,32.3
70.2%,70199649,-452816.0925354385,87111.57899258542,297.3369874115962,347.5080822318367,32.3
70.4%,70399648,-451019.0442330623,86398.78114111442,294.9040024027045,347.88991265719545,32.3
70.6%,70599647,-451951.97469992004,87379.19828764535,298.25044938630236,347.4282763171207,32.3
70.8%,70799646,-452751.5081163272,87769.87495099462,299.58394171276075,346.36437088100996,32.3
71.0%,70999645,-451997.8061190103,87526.52873259148,298.7533307616706,347.2975259187798,32.3
71.2%,71199644,-451550.61287527997,87356.61015723576,298.17334957104333,348.115840628639,32.3
71.4%,71399643,-451677.0362487193,87404.13837066578,298.33557709534915,348.6816663337284,32.3
71.6%,71599642,-450205.1705586794,87424.28808123234,298.4043538791747,349.4344888813973,32.3
71.8%,71799641,-451387.76701618265,86759.42886174482,296.13499727169005,347.4609523884251,32.3
72.0%,71999640,-451454.0578679261,87002.25103351404,296.9638195002109,349.75110269164577,32.3
72.2%,72199639,-450993.9157931232,86766.76526972174,296.160038551753,348.344549057629,32.3
72.4%,72399638,-451188.33653256623,87021.346486193,297.0289977972695,348.278021053846,32.3
72.6%,72599637,-452910.20917691477,87746.28502471792,299.503422478768,348.14011809066324,32.3
72.8%,72799636,-450893.7936272095,87550.30952950503,298.83450149229327,349.0373903821481,32.3
73.0%,72999635,-451935.6495573856,87183.96812340914,297.5840724297923,345.99085103232125,32.3
73.2%,73199634,-452097.73307945486,87220.84995857731,297.7099607891348,347.505635726371,32.3
73.4%,73399633,-451931.38161691604,87242.07555079197,297.7824098678695,348.48839631297056,32.3
73.6%,73599632,-452545.22637093114,87382.10503037786,298.2603709390656,347.7429400200529,32.3
73.8%,73799631,-450429.8082978823,87100.23854353355,297.29827918249543,347.41512510591775,32.3
74.0%,73999630,-451437.8894133121,87371.5763436397,298.2244334892761,348.80401280843955,32.3
74.2%,74199629,-452190.5527187446,86333.45766767731,294.68103451458137,348.6196457768334,32.3
74.4%,74399628,-452122.67059200816,86537.73443289532,295.37829013398965,348.44266262401374,32.3
74.6%,74599627,-453145.15986335836,87822.35890100151,299.7630845978167,347.8125382011423,32.3
74.8%,74799626,-450614.5081972671,87864.01276174758,299.905261259192,349.321114190551,32.3
75.0%,74999625,-452117.6747784284,87055.17097781487,297.1444505597596,347.71167261444106,32.3
75.2%,75199624,-451988.36281053396,87151.11535232048,297.4719364302318,348.07636927491245,32.3
75.4%,75399623,-451909.13149374304,87881.3191155002,299.9643328447079,347.8367215347752,32.3
75.6%,75599622,-451365.8168319077,87155.15172872151,297.4857137490799,348.5976114053364,32.3
75.8%,75799621,-452617.0088859261,86161.19079328049,294.0930379008554,348.7652512638858,32.3
76.0%,75999620,-450870.9042742844,87377.69506848993,298.2453184650143,348.5441749017211,32.3
76.2%,76199619,-452868.49138762057,87846.14163482725,299.8442619396802,348.1152858756651,32.3
76.4%,76399618,-451987.351429875,88055.34751103312,300.55834203901065,349.1870581013596,32.3
76.6%,76599617,-451849.79225072917,87255.9302949881,297.8297001127287,349.21632989363036,32.3
76.8%,76799616,-451057.407834196,87748.12186167587,299.50969213400515,348.820913803668,32.3
77.0%,76999615,-452837.7327613286,87187.59134458052,297.5964395304726,346.0949170740965,32.3
77.2%,77199614,-452588.0306775938,86494.93533164385,295.2322044358861,348.0498636730938,32.3
77.4%,77399613,-450094.09960149694,86740.55906501896,296.07058920359594,350.26335083699917,32.3
77.6%,77599612,-451256.4826065181,86879.03446906489,296.5432457659702,348.39329615315273,32.3
77.8%,77799611,-453435.6509226095,87040.18682609382,297.093305320709,346.18577508719704,32.3
78.0%,77999610,-452692.64234811487,87146.0747065479,297.4547312498647,347.5002422316018,32.3
78.2%,78199609,-451628.7706318847,87315.586338336,298.03332342452137,347.85420433593424,32.3
78.4%,78399608,-452167.54082750017,86525.16664450453,295.33539264112176,348.48298146137427,32.3
78.6%,78599607,-452227.7312207534,87093.75679294033,297.276155095011,347.13252568699676,32.3
78.8%,78799606,-451472.1741514122,87116.14417948338,297.3525697134545,350.11158460357876,32.3
79.0%,78999605,-452254.3039253354,86746.39149577776,296.0904969748839,348.2436565123363,32.3
79.2%,79199604,-450535.77460582694,87830.92456737766,299.792321691954,349.2588757381932,32.3
79.4%,79399603,-452072.80329635506,87203.68018984905,297.65135540776924,347.2586733596134,32.3
79.6%,79599602,-452354.0342697096,87197.68686355965,297.63089845354943,348.5235935327786,32.3
79.8%,79799601,-451865.2899498828,87495.5851939497,298.64771152406746,349.1372413097754,32.3
80.0%,79999600,-452859.059363917,86831.58077426523,296.3812725952797,346.6497657617434,32.3
80.2%,80199599,-451127.6852485845,86978.96389122028,296.88433375543246,347.5131640377702,32.3
80.4%,80399598,-451834.175320168,87402.31764704792,298.3293624395973,346.96470137675664,32.3
80.6%,80599597,-452009.8535540416,86934.11058429902,296.731236459876,346.6624223978195,32.3
80.8%,80799596,-451239.939481793,87314.11269497615,298.0282934539686,349.5110657082219,32.3
81.0%,80999595,-451272.83510918356,87558.96935289443,298.8640599715207,348.0215365369076,32.3
81.2%,81199594,-453316.7964458214,87710.301764286,299.3806012146169,348.28435853974537,32.3
81.4%,81399593,-452327.1653345595,88329.38276512409,301.493703535591,348.8990341885209,32.3
81.6%,81599592,-452358.5473001725,87245.53492846014,297.79421772333563,348.3632899425273,32.3
81.8%,81799591,-451087.78270037286,88075.50544445193,300.62714688980674,348.30629518526723,32.3
82.0%,81999590,-450812.24903799314,86476.28122183034,295.1685325695402,349.7604822926109,32.3
82.2%,82199589,-451525.7057194789,87484.7209536141,298.6106287329017,349.7275320729595,32.3
82.4%,82399588,-451591.7000334081,87613.56541197232,299.05041209506726,348.61611113159694,32.3
82.6%,82599587,-453283.2315359679,86859.34270001826,296.4760320688608,346.1731839246129,32.3
82.8%,82799586,-451813.9183925898,86998.37361321913,296.9505847444786,348.73996585756777,32.3
83.0%,82999585,-451863.53516193107,87288.01435793366,297.9392122893014,347.8913435368109,32.3
83.2%,83199584,-452462.92147502257,88721.84389292952,302.8332867548064,348.1460738192698,32.3
83.4%,83399583,-452220.3684289176,87147.57463489723,297.4598509386808,348.4113595400732,32.3
83.6%,83599582,-451540.85820947075,87790.29779885407,299.65365079308185,348.077095822965,32.3
83.8%,83799581,-452004.9687629384,86911.1692739706,296.6529311395132,348.4548205516808,32.3
84.0%,83999580,-451912.1315832357,88199.15812636932,301.0492092189698,349.22199913443706,32.3
84.2%,84199579,-451126.8638408305,87160.27457598422,297.5031995068825,349.18508579117224,32.3
84.4%,84399578,-452203.4821615699,87322.56551365205,298.05714536630103,348.59122404204555,32.3
84.6%,84599577,-452087.40437476756,86734.3884440614,296.04952709144976,349.37739512016606,32.3
84.8%,84799576,-451598.9141898644,87221.8206203205,297.71327393810833,348.4041197367765,32.3
85.0%,84999575,-451380.29093105206,87469.20437054336,298.5576661518243,349.117227523054,32.3
85.2%,85199574,-451931.8189817541,88300.5599664321,301.3953229961615,347.3741220217875,32.3
85.4%,85399573,-452225.30489250924,87087.67849011708,297.2554080913297,347.02283172528905,32.3
85.6%,85599572,-452305.404986762,87358.83883427607,298.18095668969215,347.9315996726539,32.3
85.8%,85799571,-451598.55968292477,86837.9911869933,296.40315318601944,347.8086249659732,32.3
86.0%,85999570,-452226.4307422843,87114.09504665776,297.3455754310844,347.7304310664173,32.3
86.2%,86199569,-451920.6909069554,87942.70255357027,300.1738522537669,349.37158327231884,32.3
86.4%,86399568,-451518.4319463675,87664.11298045481,299.22294555052036,348.4210871195536,32.3
86.6%,86599567,-451304.2588089206,87333.50994721032,298.0945018801052,348.17177235021245,32.3
86.8%,86799566,-450966.18224469153,88217.02552335092,301.110195807123,347.5333127389242,32.3
87.0%,86999565,-451587.675055373,87698.03872799536,299.3387439287159,348.1652557397026,32.3
87.2%,87199564,-451866.80182770174,87572.15142998414,298.9090542091985,348.9170436293878,32.3
87.4%,87399563,-451538.319263557,88521.47217704344,302.14936019701634,348.08324584458484,32.3
87.6%,87599562,-450400.28972376045,87515.01786935556,298.7140408597235,348.72073458353236,32.3
87.8%,87799561,-451809.80939544225,87427.47816925158,298.4152425712658,348.32183956894823,32.3
88.0%,87999560,-450758.38991697505,87538.04065360618,298.79262427412226,348.52665737711,32.3
88.2%,88199559,-451908.77694806084,87319.0574228589,298.04517123886507,349.07973925273853,32.3
88.4%,88399558,-451557.7462857934,87472.99902082887,298.57061838960055,349.0052149009479,32.3
88.6%,88599557,-452413.69509761455,88066.17158223665,300.595287721323,349.4106924178625,32.3
88.8%,88799556,-451713.8016973133,87455.68114232598,298.51150746678223,348.4219176338854,32.3
89.0%,88999555,-451998.53731982736,86936.51779541722,296.73945296691477,347.3594431870808,32.3
89.2%,89199554,-451464.9166038558,87097.46279484092,297.2888047502371,346.92684776323,32.3
89.4%,89399553,-451031.09337862814,87166.05020489846,297.52291339706363,348.2967011801428,32.3
89.6%,89599552,-452509.05688126665,87372.61514558346,298.2279792204412,348.4013208746257,32.3
89.8%,89799551,-450893.2976168161,86720.11186106014,296.0007969888708,348.7987478313454,32.3
90.0%,89999550,-451805.68031933624,86838.47945649491,296.4048197908995,347.278002409793,32.3
90.2%,90199549,-451945.5230298494,86525.40758006921,295.33621502381516,349.75665706964367,32.3
90.4%,90399548,-452298.93581075175,87486.59503595403,298.61702551738847,346.8062264250762,32.3
90.6%,90599547,-451505.0125536453,87991.83583265274,300.3415583308806,348.03299043400546,32.3
90.8%,90799546,-451556.3030407126,87018.3467468681,297.0187588202678,347.69146251526115,32.3
91.0%,90999545,-451717.4227320668,87741.71842713168,299.48783536182316,348.02743693859554,32.3
91.2%,91199544,-451605.6187841254,87767.87862885429,299.57712768851763,349.2240335594344,32.3
91.4%,91399543,-451920.45901961904,87072.46483318985,297.20347948470163,347.6668883142913,32.3
91.6%,91599542,-451471.4838204463,87249.05711589917,297.80623996669675,348.0572618410703,32.3
91.8%,91799541,-450542.970087728,87338.97976505355,298.11317194874596,347.881891063945,32.3
92.0%,91999540,-450973.0323467697,87582.39067812648,298.9440037214357,346.67357581721006,32.3
92.2%,92199539,-452632.9444837873,87147.84438723593,297.46077168134974,347.2561292420945,32.3
92.4%,92399538,-451701.67765969085,87349.7531600325,298.14994465846246,347.8491534032956,32.3
92.6%,92599537,-450343.40484684054,86881.10550649633,296.5503148150886,349.35743477523744,32.3
92.8%,92799536,-451000.6199314194,86641.15391255822,295.73129069807374,348.7872816780939,32.3
93.0%,92999535,-450938.75940076355,86784.86958280765,296.22183380302016,348.54732156720024,32.3
93.2%,93199534,-452686.7248674915,87494.00874732272,298.64233065626206,349.32641503217263,32.3
93.4%,93399533,-451487.8722699159,86984.47046965355,296.9031292985879,347.54275398873096,32.3
93.6%,93599532,-450579.2798096966,86948.58302598842,296.7806350847452,349.4369952407292,32.3
93.8%,93799531,-450941.4882170921,87259.46271851403,297.8417572948118,348.9271371498166,32.3
94.0%,93999530,-450327.59643493313,87057.57640776414,297.15266098715426,348.6325217478855,32.3
94.2%,94199529,-451143.27145075053,86579.67067006661,295.5214306276885,347.6570533732912,32.3
94.4%,94399528,-451278.5031767087,87393.00466673588,298.29757454708255,347.1879812422845,32.3
94.6%,94599527,-451289.02225641767,87764.15119875284,299.5644048926509,349.4580917516883,32.3
94.8%,94799526,-451291.9856066173,88243.96769917058,301.20215723733895,348.90771730525347,32.3
95.0%,94999525,-451880.5968460222,87619.11320852861,299.0693483275854,347.3304272805151,32.3
95.2%,95199524,-451690.0072301836,87207.82343432074,297.6654974982189,349.4803803874111,32.3
95.4%,95399523,-450961.876807746,87658.77665509214,299.2047311302845,350.27898865181487,32.3
95.6%,95599522,-451631.6723816423,86656.23685531958,295.78277313948774,348.81860681695275,32.3
95.8%,95799521,-452055.01189671457,87806.87941744039,299.71024864808436,348.25029969248317,32.3
96.0%,95999520,-451978.373413261,87412.00614691828,298.3624320888598,348.2129184197492,32.3
96.2%,96199519,-453057.3150814809,87206.45942060405,297.6608417253125,349.0538323096503,32.3
96.4%,96399518,-452021.30993635114,87166.81395021628,297.52552028049496,349.0943531734384,32.3
96.6%,96599517,-451286.66908933874,87416.38281514432,298.3773709220239,347.8110835549544,32.3
96.8%,96799516,-451934.30216777,86672.5104208272,295.83831952032983,347.06250240828723,32.3
97.0%,96999515,-452993.96371500613,87338.11928581021,298.11023488447853,347.03714298559004,32.3
97.2%,97199514,-451849.12011362845,87284.16873112845,297.92608605393525,349.3430763669918,32.3
97.4%,97399513,-452024.74273774633,87935.55235419632,300.1494465574653,348.76781131929175,32.3
97.6%,97599512,-451361.3787642908,87379.49723811739,298.2514697906363,347.6795319655306,32.3
97.8%,97799511,-452998.5192650724,87479.2571284349,298.59197911895467,347.0676678746356,32.3
98.0%,97999510,-452398.3145238203,87120.99580137117,297.3691297006899,348.85553791946614,32.3
98.2%,98199509,-451692.98212637147,87185.61698663566,297.58970047637456,347.4074441140328,32.3
98.4%,98399508,-452539.9006237085,87024.63079419383,297.0402080893798,347.00780698507765,32.3
98.6%,98599507,-451905.41322015226,87838.44433859218,299.81798884372427,347.8711447320808,32.3
98.8%,98799506,-451186.91021337546,85949.02271053125,293.36884693475065,349.25718932486615,32.3
99.0%,98999505,-452401.83244237956,88836.6970249833,303.2253136779157,348.27866767850196,32.3
99.2%,99199504,-452325.0456214533,86688.28148484038,295.89215071838856,346.45625530083373,32.3
99.4%,99399503,-451976.4142198055,86425.9262922667,294.99665664637445,347.1823188421076,32.3
99.6%,99599502,-452441.1354804542,87031.0841707855,297.06223532819916,347.85580529387687,32.3
99.8%,99799501,-451496.85842320323,87584.37871136033,298.95078945324616,349.4841701395287,32.4
100.0%,99999500,-451883.89044548525,87416.42266375378,298.3775069368411,347.8155998270469,32.4
