#"Progress (%)","Step","Potential Energy (kJ/mole)","Kinetic Energy (kJ/mole)","Temperature (K)","Box Volume (nm^3)","Speed (ns/day)"
0.2%,199999,-452524.39736930095,87604.28780914744,299.0187449561375,346.91025743303663,0
0.4%,399998,-451283.30942329904,86014.82703650353,293.5934561115044,348.93567342615023,32.7
0.6%,599997,-451641.1226127893,86820.42607678659,296.3431983899658,349.44211930378106,32.7
0.8%,799996,-450061.03092777776,88253.04232999016,301.2331315741719,349.5761248536168,32.7
1.0%,999995,-452131.9488685522,87891.65971083671,299.99962828420007,349.3106701540221,32.7
1.2%,1199994,-452687.97007218003,86636.79755790834,295.71642120101416,347.1931821537174,32.7
1.4%,1399993,-451554.65302221617,86711.55049170507,295.9715745617079,347.55759153045886,32.7
1.6%,1599992,-451684.79362154007,86978.07716420066,296.881307099921,347.24054894978286,32.6
1.8%,1799991,-450321.6019764035,87792.9075420794,299.6625586007179,349.0876759368296,32.6
2.0%,1999990,-451332.8416155698,87030.97756921615,297.0618714662436,348.5145150911876,32.6
2.2%,2199989,-450882.645308482,86724.79029256117,296.01676582727794,350.1960931551433,32.6
2.4%,2399988,-452054.6318680411,88020.86448461379,300.4406415069927,348.7853890881356,32.6
2.6%,2599987,-451120.7918912517,86892.99334554136,296.59089144438815,348.79965570508494,32.5
2.8%,2799986,-453028.87193378294,87399.79346744274,298.3207466853179,348.72751665278236,32.5
3.0%,2999985,-452703.1877065492,87865.29575623659,299.90964049006624,345.6731472384126,32.5
3.2%,3199984,-451259.64196998905,87063.28617620195,297.1721500765009,348.74415418277044,32.5
3.4%,3399983,-451267.8358035856,87320.29291029711,298.04938831444923,348.2386179017367,32.5
3.6%,3599982,-452789.2729367465,87113.35916204553,297.3430636442908,347.22415648855633,32.5
3.8%,3799981,-451664.25249555893,87688.39403831086,299.30582381627534,348.25178570431024,32.5
4.0%,3999980,-452585.0680773123,87535.50275839958,298.78396170453254,347.78759453516454,32.4
4.2%,4199979,-451582.97167145694,86949.98032497981,296.785404469911,348.236900181647,32.4
4.4%,4399978,-450646.23004930373,88072.12534053554,300.61560961855923,348.73019285927353,32.4
4.6%,4599977,-451597.7180918441,87367.77741235067,298.2114666391981,349.805282122325,32.4
4.8%,4799976,-450703.1054636566,87537.09569176182,298.78939884632877,348.59149295085615,32.4
5.0%,4999975,-450842.2127849008,87729.88099214656,299.44743077614277,350.34520889216196,32.4
5.2%,5199974,-452469.6387653146,87127.72596185864,297.39210168291413,347.8750018470721,32.4
5.4%,5399973,-450773.8035067073,87294.61392145108,297.96173850633465,348.48097463906515,32.4
5.6%,5599972,-451436.8015102125,87973.32105659321,300.27836205089346,348.5802412349133,32.4
5.8%,5799971,-451588.95868965006,87255.99314872641,297.8299146506973,347.8245488574336,32.4
6.0%,5999970,-452406.3476808164,87255.29410467763,297.82752861139073,348.3948663674688,32.4
6.2%,6199969,-451326.0120766419,86995.03692630923,296.9391956680183,348.1712560674034,32.4
6.4%,6399968,-450922.17865782,87808.65069894824,299.71629454363,348.5205241418331,32.4
6.6%,6599967,-451571.879162475,87679.0525961835,299.2739387753617,348.5283600080658,32.4
6.8%,6799966,-451471.24752688734,87790.08103592525,299.6529109185786,349.00501787453635,32.4
7.0%,6999965,-451922.8721671114,87428.79858930653,298.41974954640966,347.5427701726496,32.4
7.2%,7199964,-452483.2920309715,87123.642040189,297.37816207832753,349.3952689284274,32.4
7.4%,7399963,-450711.8689744193,86657.73184157477,295.78787595950865,350.18032334512884,32.4
7.6%,7599962,-451223.577253337,87436.74210988637,298.44686307719354,348.5563702971712,32.4
7.8%,7799961,-451930.256351314,87411.96996587631,298.3623085925101,347.7776198959293,32.4
8.0%,7999960,-451924.7133044256,87586.85641740193,298.95924657982584,347.76470149509754,32.4
8.2%,8199959,-452051.07805260224,87567.39982206211,298.8928355985243,348.8335664004683,32.4
8.4%,8399958,-450053.1374807097,87229.78607525863,297.7404623371943,348.26996677554047,32.4
8.6%,8599957,-452298.8754323409,87216.02158991864,297.6934801718887,347.0902502944916,32.4
8.8%,8799956,-452714.273543078,87503.82299622707,298.67582952330906,346.20567261968665,32.4
9.0%,8999955,-451345.3405918167,87145.93511986535,297.4542548001877,348.67305544322085,32.4
9.2%,9199954,-451209.93990869215,87652.11908166052,299.18200690865376,348.004993813087,32.4
9.4%,9399953,-452648.4701670497,87330.51046602009,298.0842637841917,347.173529849914,32.4
9.6%,9599952,-451663.5445613465,87956.49058480651,300.2209147880193,348.3241853182575,32.4
9.8%,9799951,-450735.12771006906,86425.95993510564,294.99677147910387,347.7781938934895,32.4
10.0%,9999950,-452028.2853084714,87633.87591735873,299.1197377180699,348.76106244068654,32.4
10.2%,10199949,-451438.1910913512,86393.87502418726,294.887256408155,347.5909607186438,32.4
10.4%,10399948,-450845.1389930425,87042.68531509,297.10183338551735,348.3487875909143,32.4
10.6%,10599947,-450743.1230212073,87369.79981082174,298.21836966949195,349.8802655193059,32.4
10.8%,10799946,-451641.15844694385,87513.44579367572,298.70867491122357,347.75364557933716,32.4
11.0%,10999945,-451163.2701587677,87140.5866867298,297.4359990526248,347.49979987440634,32.4
11.2%,11199944,-450734.6637005587,87797.10856597533,299.67689790903614,348.3448800007989,32.4
11.4%,11399943,-451687.3939921935,87499.42438198393,298.66081578204796,347.95305782238995,32.4
11.6%,11599942,-452297.9813474305,86610.91363884375,295.62807190685515,347.0343753005956,32.4
11.8%,11799941,-451142.8578187013,87232.06080232217,297.7482266378772,349.58378745524845,32.4
12.0%,11999940,-451273.75719123613,87083.67921238975,297.2417574009735,348.01410438576244,32.5
12.2%,12199939,-451393.5778236687,87409.52312337398,298.353956812107,347.72695119234635,32.5
12.4%,12399938,-451617.72033845726,88277.97964670858,301.3182498410307,348.53371506744,32.5
12.6%,12599937,-452319.5168404458,88366.47399697246,301.62030662630207,347.8548022730242,32.5
12.8%,12799936,-451902.3932054001,87547.63919498725,298.8253868690701,348.7241451391998,32.5
13.0%,12999935,-450669.1602298436,86898.28582996654,296.6089562228379,349.4560268542507,32.5
13.2%,13199934,-451627.0671675876,86796.82817437593,296.2626519311234,347.1975662463627,32.5
13.4%,13399933,-451845.0033171689,86632.9750559667,295.70337389748863,347.89636682046245,32.5
13.6%,13599932,-451667.75421200134,86652.13556332176,295.76877424495234,348.4887769692566,32.5
13.8%,13799931,-451323.08829334145,87328.5654383864,298.0776248429199,350.30513871788247,32.5
14.0%,13999930,-450864.6580099687,86846.4015952691,296.43186033940304,347.9311226805424,32.5
14.2%,14199929,-450979.32181748236,87353.85443688359,298.16394350129764,348.73546025544425,32.5
14.4%,14399928,-451233.0366832935,87281.01698713057,297.9153282410674,348.48363739750755,32.5
14.6%,14599927,-451950.58047116874,87059.0219673015,297.15759509950686,348.1209587461428,32.5
14.8%,14799926,-453044.25917110685,88026.20743120741,300.4588785274028,349.00316933985994,32.5
15.0%,14999925,-453181.33788213925,87049.68694502127,297.1257319713863,348.2382893748463,32.5
15.2%,15199924,-452261.7281540963,86530.78395921137,295.35456615917286,347.50641093518215,32.5
15.4%,15399923,-450565.63596813753,87241.00744468358,297.77876411312394,347.9740498252943,32.5
15.6%,15599922,-451275.620190219,87447.97376133502,298.4851999486407,348.9657052256599,32.5
15.8%,15799921,-450243.2441463489,87992.68113086396,300.3444435778994,349.0650969257307,32.5
16.0%,15999920,-452447.4000451057,87249.43488385272,297.8075293978671,348.188957335335,32.5
16.2%,16199919,-451779.8972639991,88112.00966497441,300.75174634126296,348.20914927286026,32.5
16.4%,16399918,-451515.6024641041,87739.81654010824,299.4813436719182,348.0385300748528,32.5
16.6%,16599917,-452008.52760729427,86979.93301263169,296.8876416468085,349.9553358626994,32.5
16.8%,16799916,-451589.0570174707,87134.27989459404,297.41447214890474,348.04570506810364,32.5
17.0%,16999915,-451518.80276904395,87921.27245703747,300.10070514270893,348.67904857433075,32.5
17.2%,17199914,-450347.70824785996,88047.03496372607,300.52996891338745,348.19951232679966,32.5
17.4%,17399913,-452340.3143470357,87555.70119468472,298.85290480331344,348.1629978278097,32.5
17.6%,17599912,-452399.7862631716,87128.33315303596,297.39417420183224,349.2967723143873,32.5
17.8%,17799911,-451323.81046410697,86951.6373293458,296.7910603045544,347.4541159693881,32.5
18.0%,17999910,-452401.8731911862,87383.19488407759,298.2640909246237,347.56228813347803,32.5
18.2%,18199909,-451711.72104468103,86923.97293552791,296.69663373564697,348.61278300910834,32.5
18.4%,18399908,-451402.14271493023,87583.96134101992,298.94936484768755,348.98197048782765,32.5
18.6%,18599907,-451578.7526663509,87726.15085833357,299.4346987517274,347.935910260815,32.5
18.8%,18799906,-451481.26411614846,86537.86142621943,295.37872359889576,346.9115519625234,32.5
19.0%,18999905,-453257.5172536797,87838.78714618686,299.819158945089,348.6846762772902,32.5
19.2%,19199904,-451403.39954278106,88005.07789543585,300.3867573170611,349.0205737519644,32.5
19.4%,19399903,-451558.80464965384,86547.40811333922,295.411309200268,349.3733741579298,32.5
19.6%,19599902,-452398.7079001968,87123.40427277237,297.37735050943866,348.2588349291961,32.5
19.8%,19799901,-453257.2401775182,87078.76319263165,297.2249776052008,346.7977042042508,32.4
20.0%,19999900,-451459.6212626621,87258.8022683941,297.83950298773505,348.7474366332515,32.4
20.2%,20199899,-452013.5179979559,87691.18098320655,299.3153364644095,347.16601624078913,32.4
20.4%,20399898,-451168.35258091334,87526.54929436665,298.75340094494993,348.45342509532054,32.4
20.6%,20599897,-451741.1247131857,87552.05977389394,298.8404755820739,347.4636750453904,32.4
20.8%,20799896,-450679.3236250044,87095.3228500142,297.2815005002699,349.98789810373785,32.4
21.0%,20999895,-451646.08481564885,87729.00869689789,299.44445338043516,347.2930147929437,32.4
21.2%,21199894,-451704.26760715153,86999.66276449147,296.9549849902332,348.486656760069,32.4
21.4%,21399893,-454031.82762977853,87476.84407404941,298.5837426671564,347.45141506925034,32.4
21.6%,21599892,-451132.80234273523,86572.23805406567,295.49606096184317,347.8492033879616,32.4
21.8%,21799891,-450638.2667576978,86855.92520844116,296.4643671827252,348.09153748638744,32.4
22.0%,21999890,-452584.43316688295,87604.9782120845,299.02110150083314,348.7376239841543,32.4
22.2%,22199889,-450791.1025278615,87899.21426611501,300.0254141640298,348.8891671449992,32.4
22.4%,22399888,-451196.1018949221,86909.43184351071,296.64700078737457,348.4139754444509,32.4
22.6%,22599887,-452601.66351406695,87074.1092437118,297.2090923329168,348.8596635353652,32.4
22.8%,22799886,-451306.59131431393,87231.27924298105,297.7455589500375,348.2377469021054,32.4
23.0%,22999885,-451286.9469762547,87469.8617919081,298.5599101208846,347.7869798815654,32.4
23.2%,23199884,-452848.2790178205,87164.38021205016,297.5172132289774,348.18832960553425,32.4
23.4%,23399883,-452248.42307151575,86924.07575191115,296.6969846776687,348.5214085211876,32.4
23.6%,23599882,-453161.88161691884,87228.55960350402,297.7362760347432,348.23137699590114,32.4
23.8%,23799881,-451537.42410395434,87297.3634431948,297.9711234184388,349.9918128728625,32.4
24.0%,23999880,-452158.0947775445,86514.96458597374,295.3005700677736,348.00027926807564,32.4
24.2%,24199879,-451563.62917114655,87259.18952727504,297.84082481418267,348.8254593832103,32.4
24.4%,24399878,-452305.6440670057,87344.66388204484,298.13257348229445,348.40730332133364,32.4
24.6%,24599877,-452282.89545125,87458.20687309443,298.52012851563006,348.03174365114864,32.4
24.8%,24799876,-452348.9628451178,86949.13223005287,296.7825096768934,347.78447823761474,32.4
25.0%,24999875,-451937.1239567525,87783.6195982279,299.63085616487655,348.1140903829016,32.4
25.2%,25199874,-452087.63106024964,87229.36181804421,297.73901422474495,349.79922698851857,32.4
25.4%,25399873,-451751.7105637584,86971.71579283988,296.85959390153687,348.6342438963981,32.4
25.6%,25599872,-450512.8902427829,87214.9835129045,297.6899369151178,348.88318389834166,32.4
25.8%,25799871,-451217.5876825545,87654.30418429617,299.1894652952699,350.9662221303009,32.4
26.0%,25999870,-452303.55092418473,87535.70321733145,298.7846459287837,348.00720119278856,32.4
26.2%,26199869,-452446.779735263,87353.60548487009,298.16309375614827,347.5179668342537,32.4
26.4%,26399868,-451270.35974232433,87319.12109590461,298.04538857336655,347.8795795804107,32.4
26.6%,26599867,-452467.22744556656,87572.89232518442,298.9115830985768,347.9201677094062,32.4
26.8%,26799866,-451399.83821013896,87087.46995517903,297.2546963013361,346.97836959896125,32.4
27.0%,26999865,-452037.5317934244,86683.84611582384,295.8770115224666,348.40528990134743,32.4
27.2%,27199864,-451272.76294014463,87082.54796879727,297.23789613975305,348.7249796667702,32.4
27.4%,27399863,-452512.0376036591,87612.75255230663,299.04763757017656,347.1629365354426,32.4
27.6%,27599862,-451317.55266287876,87654.67370115628,299.1907265630744,348.12535108945923,32.4
27.8%,27799861,-453022.55810120003,87184.87782434549,297.58717750191914,346.7870574681727,32.4
28.0%,27999860,-453047.4406308783,86820.06177149084,296.34195491073615,349.5307854743019,32.4
28.2%,28199859,-451768.5243692389,87011.57368407387,296.9956404000753,348.6439382948979,32.4
28.4%,28399858,-451993.57635404635,87648.48501246326,299.1696027805269,349.23077801117614,32.4
28.6%,28599857,-450804.8628898924,87010.06613167742,296.99049468818356,347.4262012708547,32.4
28.8%,28799856,-452949.28246512637,87348.0125602074,298.1440034883646,346.84986484256075,32.4
29.0%,28999855,-451276.87547647813,87316.06664581364,298.0349628527132,349.06409166121483,32.4
29.2%,29199854,-451964.30164852133,87986.08891005698,300.3219424236583,348.679226127625,32.4
29.4%,29399853,-451374.7419056222,87748.08413032198,299.509563345993,348.7085021817637,32.4
29.6%,29599852,-451587.2792783808,87421.56438359557,298.3950571122087,350.7148988734058,32.4
29.8%,29799851,-451051.52107295673,87196.26012561913,297.6260285847448,347.57836660789025,32.4
30.0%,29999850,-450880.0012255395,86712.0212432947,295.973181372893,347.5814917484464,32.4
30.2%,30199849,-451347.6459193304,87899.59958213358,300.02672935892684,347.1262910103882,32.4
30.4%,30399848,-451548.60500188405,88103.76378341892,300.7236007651109,348.1565750080222,32.4
30.6%,30599847,-452668.14515124215,86871.71427773501,296.5182598380089,348.3675841104331,32.4
30.8%,30799846,-451322.5481138546,87628.62981312932,299.10183124862857,348.75903241182164,32.4
31.0%,30999845,-451485.5827719327,87701.1743468862,299.34944670193454,348.318143055519,32.4
31.2%,31199844,-452319.21416261094,88552.31407679024,302.2546325117053,348.0208966694424,32.4
31.4%,31399843,-452557.3046555682,87417.67425920034,298.3817789937116,348.02634397026844,32.4
31.6%,31599842,-453348.9581458741,87784.22836133942,299.6329340492602,348.17977704133887,32.4
31.8%,31799841,-451398.18617575336,87406.87031162251,298.34490199914785,348.856068977787,32.4
32.0%,31999840,-451483.2148272949,87689.31973405194,299.308983483292,348.07999855945593,32.4
32.2%,32199839,-451128.45764220646,86570.41547696677,295.4898399796249,349.647538823751,32.4
32.4%,32399838,-451704.03810552973,86750.60400146566,296.1048754738754,346.9077891894194,32.4
32.6%,32599837,-452950.5855818405,87595.65795748425,298.98928877907105,348.4363347107749,32.4
32.8%,32799836,-451056.352422378,87159.97590372578,297.50218005217187,349.4254396525862,32.4
33.0%,32999835,-451669.2305824659,87011.88225097535,296.9966936280613,348.05777309004174,32.4
33.2%,33199834,-451298.02111337474,87107.88056003838,297.3243635927607,348.22908585939854,32.4
33.4%,33399833,-452060.9515518262,87095.61640603328,297.28250249177734,346.92136566149344,32.4
33.6%,33599832,-452738.51671156567,86907.84540613787,296.64158581826695,348.50658476498813,32.4
33.8%,33799831,-451846.94794561435,87207.67197973584,297.6649805399623,347.8065339089523,32.4
34.0%,33999830,-451192.8653573124,87974.6281094926,300.2828234000733,348.3129904756909,32.4
34.2%,34199829,-452576.35942046484,87469.17228593095,298.5575566377723,349.48401138718367,32.4
34.4%,34399828,-453461.54655415844,87694.53958888084,299.3268003559455,347.41697250943974,32.4
34.6%,34599827,-452077.07878283644,87824.29634182679,299.76969764311946,348.47697408718903,32.4
34.8%,34799826,-450153.225469857,86230.04039442958,294.3280414816297,348.5329026474709,32.4
35.0%,34999825,-451307.15357549395,87217.01364559124,297.69686634452444,348.9802465865987,32.4
35.2%,35199824,-451212.15806768136,87403.35436453074,298.3329010558949,349.69527870135124,32.4
35.4%,35399823,-450756.73001479637,87568.13221767446,298.89533547635324,348.76982838149695,32.4
35.6%,35599822,-452826.2497328897,87471.45499087393,298.5653481692626,350.0795425592713,32.4
35.8%,35799821,-451249.45177295385,87479.24744085158,298.5919460524339,348.31909166373765,32.4
36.0%,35999820,-452304.4605958001,86982.59633606361,296.89673233917,348.37700441285716,32.4
36.2%,36199819,-452040.05086076586,88319.28765446006,301.4592460062116,347.94802914439225,32.4
36.4%,36399818,-451174.03649886185,87265.72427981417,297.8631298126219,347.43821945083516,32.4
36.6%,36599817,-452030.04241406685,87214.40527075913,297.68796320760976,347.45695606403507,32.4
36.8%,36799816,-452212.891629905,86961.15866413282,296.8235593710901,348.38791386935793,32.4
37.0%,36999815,-451567.8545507509,87440.18608737629,298.45861836740187,348.33446596412574,32.4
37.2%,37199814,-451855.0449381615,87356.0729219733,298.1715158318744,347.57460890773694,32.4
37.4%,37399813,-451996.51428907877,87284.88801176008,297.9285411665458,348.07218814019615,32.4
37.6%,37599812,-452029.8946349034,87197.98627885629,297.6319204444641,348.66449251243307,32.4
37.8%,37799811,-451697.24309737375,87719.94429392985,299.41351395421464,349.52243139260503,32.4
38.0%,37999810,-451071.5101625286,86817.2090656088,296.33221780135585,349.77863955470383,32.4
38.2%,38199809,-451324.14268278657,87343.49585047859,298.12858665309074,348.4866447884934,32.4
38.4%,38399808,-451407.0941372942,87511.39419634826,298.7016722167967,347.37016580756256,32.4
38.6%,38599807,-450384.2187051154,87717.53339987888,299.4052848762623,348.533973664261,32.4
38.8%,38799806,-452216.9724284983,88009.56013507483,300.4020564959593,347.70416418883514,32.4
39.0%,38999805,-451453.61729653133,86704.81460051428,295.9485830189375,347.2093297906986,32.4
39.2%,39199804,-450804.6264331704,87429.89320739766,298.4234857942121,347.9558285976661,32.4
39.4%,39399803,-452398.2150155469,87614.98656207473,299.055262890966,348.4356331438307,32.4
39.6%,39599802,-453241.5000628866,86503.13487064705,295.2601918315179,347.93632103848023,32.4
39.8%,39799801,-450420.5391855538,87516.56636006315,298.719326305899,348.1274798844671,32.4
40.0%,39999800,-451163.519102891,87632.0083874779,299.11336329901917,348.36774993108224,32.4
40.2%,40199799,-451730.64717525523,86981.32289514196,296.8923857173814,348.2289180324655,32.4
40.4%,40399798,-450947.2815594203,87949.28678230033,300.19632612874034,348.70221786289346,32.4
40.6%,40599797,-452059.61699031945,87812.15354055271,299.7282507540683,348.5500782890664,32.4
40.8%,40799796,-450843.6999385967,87637.96845352952,299.13370672643794,347.94422989717646,32.4
41.0%,40999795,-452458.1704455968,87626.62594803236,299.09499147809515,347.96860882996026,32.4
41.2%,41199794,-452322.87804677244,87745.69206037838,299.50139852015775,347.1683648409676,32.4
41.4%,41399793,-451087.7843685383,87420.91714518773,298.3928479005224,350.7140828646425,32.4
41.6%,41599792,-451848.1241748701,87600.20028184092,299.0047930444705,349.1040043926498,32.4
41.8%,41799791,-451569.60873449594,86955.73921409226,296.80506122231213,348.51180508019263,32.4
42.0%,41999790,-451940.86346053425,87566.38247520919,298.88936309978305,348.41214560220436,32.4
42.2%,42199789,-452062.74257272715,86274.62070909643,294.4802069757488,348.98596138423466,32.4
42.4%,42399788,-450113.2165719508,88044.00546591706,300.5196283620816,347.2723041410149,32.4
42.6%,42599787,-451964.9720110451,86514.49974929524,295.2989834458891,347.19287754255816,32.4
42.8%,42799786,-450407.9480015072,86926.97838054912,296.70689218783866,349.4898089507411,32.4
43.0%,42999785,-450375.2063891841,86947.2185409473,296.77597770307233,351.0876804817447,32.4
43.2%,43199784,-452182.34767170716,86757.1989280798,296.1273858638181,349.2472598811551,32.4
43.4%,43399783,-451560.51782305166,87225.30295596377,297.72516015577645,348.60537368399235,32.4
43.6%,43599782,-451788.0724193719,87083.59582656244,297.241472781053,347.098574322803,32.4
43.8%,43799781,-451744.050604939,86862.24784533848,296.4859481691944,348.24418133576575,32.4
44.0%,43999780,-451604.60192679334,86576.2424778422,295.5097292171521,348.6316517656969,32.4
44.2%,44199779,-452423.9629076151,87485.67590746708,298.6138882663076,347.19430776845684,32.4
44.4%,44399778,-452291.0172750512,86821.07804268514,296.34542373794375,348.92252625685404,32.4
44.6%,44599777,-450537.9347117408,87709.04413606995,299.3763085661611,348.81665148910037,32.4
44.8%,44799776,-451742.3932822086,86467.54506060597,295.13871352722646,349.4587243060956,32.4
45.0%,44999775,-452140.0826249649,88247.32218238513,301.2136070577288,348.45658316682477,32.4
45.2%,45199774,-450949.03152635135,87235.84072524821,297.7611286069205,349.1584399170198,32.4
45.4%,45399773,-451161.0943552912,87398.22826066363,298.3154041823606,347.48812279434213,32.4
45.6%,45599772,-450932.2887838385,88437.70438832894,301.863436531913,347.22166635581516,32.4
45.8%,45799771,-452710.4638811918,87418.81435155892,298.3856704583273,346.52772333980676,32.4
46.0%,45999770,-451923.79148589075,87891.45279902103,299.9989220343921,347.33913190086315,32.4
46.2%,46199769,-452335.44671336096,87527.63583127753,298.7571096093494,348.33965903410706,32.4
46.4%,46399768,-451090.76062410325,88166.08652198943,300.9363262781609,348.32955201046667,32.4
46.6%,46599767,-451637.83135790983,87591.89601217104,298.97644817281446,348.6943261379769,32.4
46.8%,46799766,-451823.632099601,87012.8471734077,296.9999871871086,348.4091966804989,32.4
47.0%,46999765,-451171.51591534726,87366.45436724089,298.2069507039837,347.89437953047667,32.4
47.2%,47199764,-451653.715140054,87538.10973608773,298.79286007259117,348.2576904997085,32.4
47.4%,47399763,-451799.08272621874,86872.49100715271,296.52091103992444,346.76360671546206,32.4
47.6%,47599762,-451567.25656086486,87567.66953808334,298.8937562172312,347.46259754596946,32.4
47.8%,47799761,-451402.5577188409,88563.75065667467,302.2936688631118,349.0550014752018,32.4
48.0%,47999760,-451363.5664131143,87578.76638814431,298.93163297259537,347.37452599713754,32.4
48.2%,48199759,-451463.99796049995,87081.24427405064,297.2334462529188,348.9851061593667,32.4
48.4%,48399758,-451718.96130180964,88304.03912985488,301.4071983861246,347.76501715925514,32.4
48.6%,48599757,-453199.81599388644,87079.12317317189,297.2262063227904,345.80895713353624,32.4
48.8%,48799756,-452461.3240031656,87978.90302889585,300.29741493510784,346.9413743775302,32.4
49.0%,48999755,-451804.7804694767,87922.95048564416,300.1064327391602,348.3264137268832,32.4
49.2%,49199754,-452525.40182108106,87497.62106200168,298.65466052993264,347.2431891782014,32.4
49.4%,49399753,-452038.01899515605,87457.26940755441,298.5169286748891,348.15041491354816,32.4
49.6%,49599752,-451731.57625234406,87406.7514318896,298.3444962282727,347.5499984384887,32.4
49.8%,49799751,-451983.2376651657,87782.74695279682,299.6278775738952,347.93827717884716,32.4
50.0%,49999750,-452577.2468222305,87749.56958119493,299.51463361899937,348.07494625804406,32.4
50.2%,50199749,-451367.01366702234,87593.34547567589,298.981395610536,349.181140557324,32.4
50.4%,50399748,-452610.88663719315,87221.46289954823,297.71205293375976,346.97077089509924,32.4
50.6%,50599747,-451987.3927461128,87374.56405931353,298.23463142608284,348.942287264022,32.4
50.8%,50799746,-451849.7259193361,87363.25032252731,298.1960143736624,348.69122627430846,32.4
51.0%,50999745,-452098.97603332065,86319.55089421225,294.6335666787949,348.84974701898255,32.4
51.2%,51199744,-451829.17822787305,87785.84689442365,299.63845857030384,347.1604822900629,32.4
51.4%,51399743,-451107.94124555495,88314.66485768952,301.4434670652135,347.23699360050165,32.4
51.6%,51599742,-451413.87355342694,87484.90675302385,298.6112629199684,347.326228063919,32.4
51.8%,51799741,-450994.02472976735,87813.14294067456,299.7316278625421,349.0602401391802,32.4
52.0%,51999740,-450354.5873984322,87779.83061182796,299.61792325957816,349.34828011741746,32.4
52.2%,52199739,-451921.90307994233,87228.66225276084,297.73662640631414,348.5443640057747,32.4
52.4%,52399738,-451579.50798396394,87103.2405727802,297.30852597566167,347.48204370827955,32.4
52.6%,52599737,-452348.7388056391,88250.98121906078,301.226096407073,348.4120910020721,32.4
52.8%,52799736,-452320.45268562203,87884.963540125,299.97677231890077,348.7147179753324,32.4
53.0%,52999735,-452022.51300033974,87641.82893187716,299.14688365440924,347.3829265477137,32.4
53.2%,53199734,-452087.29291279474,87166.59913561109,297.5247870561831,346.8678272961957,32.4
53.4%,53399733,-452015.85589771206,86825.79189647414,296.361513482854,348.55183468485455,32.4
53.6%,53599732,-452565.6807379015,87216.3458065206,297.69458681682397,347.41552781443676,32.4
53.8%,53799731,-452012.35409322474,86844.33683309058,296.4248127095359,348.6907233191552,32.4
54.0%,53999730,-452446.94282980915,87368.21215499617,298.21295054145315,348.6964699438005,32.4
54.2%,54199729,-450955.5277204653,87024.7614196922,297.0406539519461,349.7559092151847,32.4
54.4%,54399728,-452329.47907943605,86750.50183976977,296.1045267664907,347.2703382292384,32.4
54.6%,54599727,-452614.5390890008,87339.52876850474,298.1150458561432,347.81187194907284,32.4
54.8%,54799726,-451693.4904210195,87926.70953454648,300.11926345912957,347.20962447650066,32.4
55.0%,54999725,-451843.3720782194,87563.979380514,298.88116064328534,349.1043374295285,32.4
55.2%,55199724,-452400.15611073887,87321.17268956138,298.05239125526435,347.0069458506457,32.4
55.4%,55399723,-452321.6654384476,87221.90022735787,297.7135456599269,348.6215910078318,32.4
55.6%,55599722,-450638.39039592165,87176.885144784,297.55989617732786,349.3398502991041,32.4
55.8%,55799721,-452501.55873015104,88058.52447978733,300.5691859512598,348.10464987081696,32.4
56.0%,55999720,-452217.64696825994,87634.96045901999,299.12343957210595,347.75545480992696,32.4
56.2%,56199719,-451271.2365547782,88060.56527648773,300.576151780026,347.80044675279316,32.4
56.4%,56399718,-451458.08553969814,87308.9726548341,298.0107490119015,347.8045482907129,32.4
56.6%,56599717,-452383.2024393496,87370.47238931409,298.22066537420795,348.55634084317217,32.4
56.8%,56799716,-452443.58605033904,86887.43526437803,296.5719201075348,347.7256547435821,32.4
57.0%,56999715,-451429.72235554503,87978.74998366155,300.2968925475053,348.1182918984526,32.4
57.2%,57199714,-451383.45534638036,87232.15852923255,297.74856020805754,347.7856603701917,32.4
57.4%,57399713,-450238.84254935384,86982.89170148488,296.89774050668996,348.4352322084592,32.4
57.6%,57599712,-451662.7565095131,87037.13280887011,297.0828810775567,348.68637881503173,32.4
57.8%,57799711,-452409.4691486275,87918.84835813777,300.09243099279263,347.7243785361264,32.4
58.0%,57999710,-452722.82626637677,87203.99841610907,297.6524416059368,347.5696762412465,32.4
58.2%,58199709,-452469.4709929433,86238.13115437544,294.3556575829103,347.901465884416,32.4
58.4%,58399708,-451417.97364604473,86817.33376674005,296.33264344234556,349.9240473793707,32.4
58.6%,58599707,-450632.9091948252,87349.78569040867,298.15005569403496,349.67517762504775,32.4
58.8%,58799706,-451296.57982104365,88129.86194641728,300.8126813357153,350.4665051423554,32.4
59.0%,58999705,-450496.88538766326,86891.00056674099,296.5840895145881,348.46801535303007,32.4
59.2%,59199704,-452224.2811232945,87412.42253124411,298.3638533288658,347.06580620871216,32.4
59.4%,59399703,-451006.05006295536,87866.99739708712,299.91544868192784,348.3233153326163,32.4
59.6%,59599702,-452583.5872335611,87168.11326822371,297.5299552282537,348.63397937484524,32.4
59.8%,59799701,-451146.5906198104,87100.00099272188,297.2974683529419,347.4493712052011,32.4
60.0%,59999700,-452576.58228544006,86935.99956629344,296.73768410118834,348.8328950898594,32.4
60.2%,60199699,-451819.76715125237,86879.71576096839,296.5455712120759,347.32330397991075,32.4
60.4%,60399698,-452714.6729472829,86856.2317538429,296.4654135107486,347.8696105538004,32.4
60.6%,60599697,-451664.3447474642,86267.83522243449,294.4570461493062,348.03974833649886,32.4
60.8%,60799696,-452137.33724592766,86435.81735485187,295.0304177007072,347.4105713770169,32.4
61.0%,60999695,-451216.257850606,87803.74523065516,299.699550763056,349.6594563127121,32.4
61.2%,61199694,-451196.1260183384,87479.32400106802,298.59220737457235,348.4497161457608,32.4
61.4%,61399693,-451690.4217893309,87666.97090910282,299.23270048670986,347.8500791751437,32.4
61.6%,61599692,-452325.368605345,88571.15268967199,302.31893414032976,347.44496801604794,32.4
61.8%,61799691,-450231.4734285879,87488.45534482424,298.62337528904357,347.7434037517186,32.4
62.0%,61999690,-452207.27179753175,87631.92959794588,299.11309436758256,348.3870963981962,32.4
62.2%,62199689,-451362.17968217237,87244.412543557,297.7903866993814,348.5005741598843,32.4
62.4%,62399688,-451439.0484991055,87331.01808223035,298.085996424978,347.77097595186586,32.4
62.6%,62599687,-451360.38318090234,86941.29694703006,296.75576559216364,348.17187157393965,32.4
62.8%,62799686,-451797.0561570735,88396.7407492398,301.72361579647185,347.3564808934714,32.4
63.0%,62999685,-452898.27969270246,87527.56979007361,298.7568841916398,347.4589577428822,32.4
63.2%,63199684,-452849.11995159974,86463.13424340296,295.12365813373765,347.97657750293905,32.4
63.4%,63399683,-451171.3412769097,86839.07897657156,296.4068661261347,348.15874330933366,32.4
63.6%,63599682,-450735.2896853918,87336.10732658216,298.10336748633716,349.03801627127,32.4
63.8%,63799681,-452275.73107411666,87353.00534934775,298.16104532021916,347.27002470973554,32.4
64.0%,63999680,-450439.74067818094,87893.91985326176,300.00734280329795,348.9664213613572,32.4
64.2%,64199679,-451443.5205548438,87072.20362072764,297.2025878910985,348.5653484073431,32.4
64.4%,64399678,-451939.1909355209,87529.42202735436,298.7632064126281,349.3715787279526,32.4
64.6%,64599677,-451280.9689292596,87555.25821238989,298.8513927767546,347.704715567818,32.4
64.8%,64799676,-451567.15580494655,86691.68803020782,295.903778241948,347.9511938207461,32.4
65.0%,64999675,-450631.519805036,87861.192147527,299.89563368792426,349.67747083105513,32.4
65.2%,65199674,-451659.1328928671,87001.37013375247,296.9608127348148,347.6591891351415,32.4
65.4%,65399673,-450497.6633831803,87922.10211731135,300.1035370129294,348.26587205462414,32.4
65.6%,65599672,-450598.2657056656,87749.664299833,299.51495692107727,348.36828728091103,32.4
65.8%,65799671,-451970.9989911858,87371.67095187429,298.22475641451507,347.69997873317595,32.4
66.0%,65999670,-450748.04815052915,87494.58586105052,298.644300512155,348.8184848849514,32.4
66.2%,66199669,-450861.31055968534,86796.33411134931,296.26096555126867,349.0148555762567,32.4
66.4%,66399668,-450442.107064744,86478.62958828418,295.17654822273806,349.14643790452374,32.4
66.6%,66599667,-452000.6242532227,87431.52942310786,298.4290706711671,347.6408598407937,32.4
66.8%,66799666,-452099.3472709772,87368.53784920723,298.2140622298952,347.76328814144426,32.4
67.0%,66999665,-452569.13141631475,87338.92056780634,298.11296989143796,345.7403274681338,32.4
67.2%,67199664,-452266.42655167123,87803.50252732611,299.698722346472,346.92528728488844,32.4
67.4%,67399663,-450726.0167932515,87277.64102008683,297.9038050901614,348.4076630496641,32.4
67.6%,67599662,-450890.65872451337,86776.00759923446,296.19158529267725,348.9000829132868,32.4
67.8%,67799661,-452039.48813149566,87123.56099531008,297.3778854487402,348.0960582570639,32.4
68.0%,67999660,-452124.2321903212,86811.71012249513,296.31344831975224,347.0931145879629,32.4
68.2%,68199659,-451465.31584914494,87485.949279572,298.6148213642844,349.2721921464955,32.4
68.4%,68399658,-451082.08389365394,87930.06122416462,300.1307037441677,346.8418011635696,32.4
68.6%,68599657,-451628.0114936209,87252.72885386995,297.8187726692309,349.4598048159187,32.4
68.8%,68799656,-449756.08997269534,87083.82272723873,297.2422472586174,348.9109911885147,32.4
69.0%,68999655,-451097.83156004874,87357.3758895141,298.175963236545,347.72636237148765,32.4
69.2%,69199654,-452206.1297601112,87237.0451605813,297.76523969269823,350.3384940918769,32.4
69.4%,69399653,-452142.23087068414,87624.16324135574,299.08658554868174,347.8999076801444,32.4
69.6%,69599652,-452818.6638884763,86746.27108450443,296.0900859764187,347.96964361646167,32.4
69.8%,69799651,-452319.62794166664,88078.31654621952,300.6367419923241,347.246941948728,32.4
70.0%,69999650,-450912.380937689,87799.8455618996,299.6862400668995,349.67968080733976,32.4
70.2%,70199649,-452054.1115938104,87419.90889488067,298.3894064509203,349.4836654165898,32.4
70.4%,70399648,-451997.62424092274,87668.923398757,299.2393648980136,349.14370896086,32.4
70.6%,70599647,-450380.73809625907,85851.47871231008,293.03590108637337,349.0462078962209,32.4
70.8%,70799646,-452507.100452214,87228.61637941032,297.73646982731503,347.76278670136685,32.4
71.0%,70999645,-450536.7171992883,87060.4049199124,297.16231551633103,347.11509702792887,32.4
71.2%,71199644,-451629.88190158876,87746.00246509782,299.5024580211474,348.369679857062,32.4
71.4%,71399643,-452204.8561010123,86141.60586292204,294.0261888750566,348.31445411736473,32.4
71.6%,71599642,-451403.44679294573,87224.2380550569,297.7215253413098,348.18157083877935,32.4
71.8%,71799641,-452263.895838439,86635.93958657782,295.71349269697765,346.6166484894514,32.4
72.0%,71999640,-452168.26058439957,87125.56102118036,297.38471211488365,348.4482023486045,32.4
72.2%,72199639,-451978.69341037236,87280.59489898011,297.91388753226005,347.61028015687646,32.4
72.4%,72399638,-451067.24484354537,88008.33489533799,300.3978743987407,349.60178296065413,32.4
72.6%,72599637,-451548.2657030029,87531.17382880743,298.76918581711857,349.7578252413608,32.4
72.8%,72799636,-451998.4443964157,87390.92149702262,298.290464086981,348.3004930102936,32.4
73.0%,72999635,-450852.26597123826,87140.34826610808,297.4351852541583,348.8434125453934,32.4
73.2%,73199634,-450606.8935302356,87979.56485804764,300.29967394921886,347.28378519591234,32.4
73.4%,73399633,-452555.551449005,87391.66951127487,298.29301727574045,346.65100537337685,32.4
73.6%,73599632,-452628.82439750247,87573.1390766934,298.91242533276846,347.01977036637714,32.4
73.8%,73799631,-451883.15796069475,87159.72882972402,297.5013367172192,348.1877065930373,32.4
74.0%,73999630,-451730.4376603961,86715.99419775163,295.98674221432196,347.3751161965998,32.4
74.2%,74199629,-451027.561261958,88383.82399362285,301.67952717763734,347.9266652334195,32.4
74.4%,74399628,-451663.8701248248,86158.70506573078,294.08455339455094,347.56277090919605,32.4
74.6%,74599627,-452073.1241975641,87214.35311591439,297.68778518805607,350.6195524301706,32.4
74.8%,74799626,-452001.2802867349,87328.32331192994,298.0767983953687,347.9315523437807,32.4
75.0%,74999625,-451608.8701551338,88106.43519030185,300.7327190486263,348.47042613008205,32.4
75.2%,75199624,-450707.22653094074,86681.25341904958,295.86816189929317,348.0584127927653,32.4
75.4%,75399623,-451853.14528741315,87722.50465392214,299.42225320260843,348.82290354243816,32.4
75.6%,75599622,-451953.0499261492,87784.53666835383,299.6339863901766,345.8504308498789,32.4
75.8%,75799621,-452101.4552060142,87002.24946362135,296.96381414171356,348.55590275842195,32.4
76.0%,75999620,-451143.86315433634,87369.43855197894,298.2171365886864,348.3528741769108,32.4
76.2%,76199619,-452478.67370563047,87448.59211197984,298.48731055804564,347.7906484399438,32.4
76.4%,76399618,-450605.23421724606,87626.50456931081,299.09457717744976,349.28517171438307,32.4
76.6%,76599617,-450390.14126299275,86501.2102032731,295.253622385695,349.8574128765563,32.4
76.8%,76799616,-451375.7343472154,87083.13000659633,297.2398828029238,348.49192125187926,32.4
77.0%,76999615,-451324.175571132,86835.97713160946,296.3962786330928,349.69248901150183,32.4
77.2%,77199614,-452440.8376947385,86956.46187770167,296.80752788200334,346.8804070488562,32.4
77.4%,77399613,-451911.17217822466,87594.76087507629,298.98622677762734,348.62052340696215,32.4
77.6%,77599612,-451964.1438087118,87054.5574238323,297.1423563227489,347.9530867751535,32.4
77.8%,77799611,-452124.350526948,88082.83011193713,300.6521480961794,349.62477345421655,32.4
78.0%,77999610,-451618.5698115914,86980.29766138614,296.8888862983619,349.6695017448484,32.5
78.2%,78199609,-452428.32568033505,87450.78680070234,298.49480166474575,349.5889064996853,32.5
78.4%,78399608,-451244.10479628807,86638.91592245152,295.72365179123864,347.01499930638624,32.5
78.6%,78599607,-452893.19026085315,86646.40034474767,295.74919828693754,349.33191911915316,32.5
78.8%,78799606,-452601.68539866945,87510.19166311296,298.6975676234282,346.88468781187095,32.5
79.0%,78999605,-451759.7381053474,86892.32326038134,296.58860425013575,349.40384910176505,32.5
79.2%,79199604,-451479.639348553,86765.04189941776,296.1541561909888,350.31696563154634,32.5
79.4%,79399603,-453549.8212788999,87395.71619959222,298.3068297921383,347.3344473051675,32.5
79.6%,79599602,-451938.4182907231,87235.61583406116,297.76036098832344,347.1620432096386,32.5
79.8%,79799601,-452250.95316874376,87117.55337422411,297.3573797022496,347.6875034036267,32.5
80.0%,79999600,-451730.79079757864,87082.3988046128,297.2373869992949,348.542350391842,32.5
80.2%,80199599,-451437.5474884249,86913.5566375365,296.6610799011216,349.1559036941807,32.5
80.4%,80399598,-452498.931410152,86821.9200663038,296.34829780783207,348.4409507593532,32.5
80.6%,80599597,-450082.231300368,86976.0635443629,296.87443403363886,348.55177092826716,32.5
80.8%,80799596,-451751.6202160809,87420.50931124492,298.391455845444,347.52340031318397,32.5
81.0%,80999595,-451391.26335113915,87850.38642354461,299.85875062997854,349.0025057592192,32.5
81.2%,81199594,-452821.6478080489,87307.0295759901,298.0041167224119,348.40671145630756,32.5
81.4%,81399593,-451184.1364289983,87396.38702814453,298.30911952380336,347.2456081124367,32.5
81.6%,81599592,-452662.3990056622,87268.8892734368,297.873932850287,346.8903953855357,32.5
81.8%,81799591,-452442.21458741045,87798.9523362288,299.683191229614,349.6066026926147,32.5
82.0%,81999590,-451482.281313241,86389.63261354738,294.8727758349222,348.7022568765834,32.5
82.2%,82199589,-452406.8200864312,87650.86344733572,299.17772106592486,348.43878664691675,32.5
82.4%,82399588,-451890.46335111884,87152.03677063793,297.4750814971658,349.01044343444255,32.5
82.6%,82599587,-450647.1675866167,87522.66057536297,298.74012762346024,348.6608560240687,32.5
82.8%,82799586,-451415.36782747926,87193.67070575966,297.61719014662833,348.21380115603864,32.5
83.0%,82999585,-451182.142772201,87678.79600251827,299.2730629470472,349.6977165226203,32.5
83.2%,83199584,-451838.6312373029,87187.86618978577,297.5973776565665,348.7458554815473,32.5
83.4%,83399583,-451951.5982290339,87170.54155974905,297.5382436888126,348.81054349304554,32.5
83.6%,83599582,-451035.9238739535,86954.51103810949,296.80086910283785,348.5014935657723,32.5
83.8%,83799581,-451525.56686996436,87289.40477384732,297.94395818053414,347.3351405497544,32.5
84.0%,83999580,-452274.4029531367,86339.57270300633,294.7019068969176,347.7742146727069,32.5
84.2%,84199579,-450709.94129406335,87928.28440929504,300.12463896165985,348.8552571305142,32.5
84.4%,84399578,-451217.5866650613,87738.07328277809,299.4753934309879,348.63406943361076,32.5
84.6%,84599577,-451627.3703095196,87587.01940067048,298.95980288881066,348.74758772339896,32.5
84.8%,84799576,-451544.157256878,86571.8250809015,295.4946513651175,349.0391957904854,32.5
85.0%,84999575,-451178.86933872197,88156.71253275243,300.90433014455857,349.0452166609029,32.5
85.2%,85199574,-451842.0742527889,87572.9358317774,298.9117315991486,348.6954520872331,32.5
85.4%,85399573,-452487.861650459,87401.67280859221,298.32716141964096,346.7982570730008,32.5
85.6%,85599572,-452072.0488988627,86876.63985399308,296.535072252877,348.50148962279246,32.5
85.8%,85799571,-451809.7394572771,87255.50670236436,297.8282542687194,348.6692739958644,32.5
86.0%,85999570,-451203.9297729335,87197.58128131798,297.63053807085385,349.4529163513314,32.5
86.2%,86199569,-451488.66915945336,87731.32049272087,299.4523442075039,348.77947654645504,32.5
86.4%,86399568,-451724.520229409,87152.1657923708,297.47552188561707,347.8542678091368,32.5
86.6%,86599567,-452018.9763857629,87050.69241153321,297.12916391909135,347.6641525238861,32.5
86.8%,86799566,-451736.81970294844,87196.23322316853,297.62593675890827,347.88589510218634,32.5
87.0%,86999565,-451866.7380070491,87817.01951927546,299.7448597453295,349.0660718908712,32.5
87.2%,87199564,-451407.712188174,86641.22280731791,295.73152585579373,348.0212083505775,32.5
87.4%,87399563,-450635.29448820185,87421.20449931524,298.393828723182,348.1661352940499,32.5
87.6%,87599562,-451693.6101818546,86349.86470923605,294.7370364877499,347.60370186612755,32.5
87.8%,87799561,-452334.6600161949,86936.72952988464,296.7401756778265,348.3850053442656,32.5
88.0%,87999560,-451550.1188106006,86496.44608120984,295.23736106064115,348.11490318155484,32.5
88.2%,88199559,-450680.93608396966,88009.61763693113,300.4022527664083,351.11102567288475,32.5
88.4%,88399558,-453325.0108914841,88192.02685230935,301.0248681202328,347.06898248705676,32.5
88.6%,88599557,-451299.0730978949,87055.02863055625,297.143964687439,348.20111623324203,32.5
88.8%,88799556,-451319.7088844599,87809.3934451103,299.7188297508756,347.7259960655969,32.5
89.0%,88999555,-452206.3410781431,86936.72079574247,296.74014586567574,348.00086318026547,32.5
89.2%,89199554,-452123.73321437556,87254.86996832438,297.82608091147546,347.0340822569177,32.5
89.4%,89399553,-451430.5379756121,87573.33022937528,298.9130777920996,346.9470264824841,32.5
89.6%,89599552,-451628.62355775107,87702.15299690707,299.3527871172077,349.18354162413993,32.5
89.8%,89799551,-451957.31601879373,87665.88737351025,299.2290020666769,347.59097214409553,32.5
90.0%,89999550,-452815.0227894038,87613.50266924227,299.05019793600195,346.0106307373026,32.5
90.2%,90199549,-452301.38048629137,86433.13307768578,295.0212554871969,346.93251351502994,32.5
90.4%,90399548,-450917.6786857415,86853.36731787818,296.455636363207,348.441381868872,32.5
90.6%,90599547,-452422.55269998824,87310.88711748343,298.017283626051,348.0069208901872,32.5
90.8%,90799546,-450938.0559075922,88568.28031973267,302.3091299118407,347.21897565494584,32.5
91.0%,90999545,-451660.84163653525,87651.2708980607,299.17911181297,347.5082237131319,32.5
91.2%,91199544,-452132.3405890069,87283.22160577215,297.9228532414504,346.9583832553959,32.5
91.4%,91399543,-452382.2304310389,86576.8458698222,295.51178876831204,347.58476607545964,32.5
91.6%,91599542,-451370.18630352896,87271.23245880939,297.8819308189577,348.104243447218,32.5
91.8%,91799541,-451024.8381930622,86777.38640190713,296.1962915445633,348.91127355704606,32.5
92.0%,91999540,-451796.48454329325,87980.66048558464,300.30341364255173,348.0571477100822,32.5
92.2%,92199539,-451559.1433567512,86968.17352937645,296.8475031329041,348.30856317184936,32.5
92.4%,92399538,-452854.9941332475,86677.59916282183,295.8556888669988,348.01616562658694,32.5
92.6%,92599537,-452627.12844617665,87679.12252596533,299.2741774659113,348.1528712902025,32.5
92.8%,92799536,-452034.36589144263,87995.15707514528,300.35289469108227,346.5430600430847,32.5
93.0%,92999535,-451093.6033803052,86522.5495705934,295.3264598117371,348.6908362929551,32.5
93.2%,93199534,-451811.93050397,87829.54051315284,299.7875975150032,348.46087521407406,32.5
93.4%,93399533,-452489.2927752207,87238.42635358276,297.769954103467,348.2059079371041,32.5
93.6%,93599532,-451439.3124325676,87048.7948689624,297.12268705805843,349.093956691361,32.5
93.8%,93799531,-451693.54945452465,87639.73512282642,299.13973687917496,348.4618325866458,32.5
94.0%,93999530,-453122.9141092347,86941.9442955266,296.7579751796145,348.26575727969237,32.5
94.2%,94199529,-452066.1080811466,88102.79645439622,300.72029899167535,348.98746803463274,32.5
94.4%,94399528,-451271.42379275337,87304.52433628525,297.99556561548445,348.165455219872,32.5
94.6%,94599527,-452354.3627870609,87946.30050387068,300.1861330976633,347.9579819541639,32.4
94.8%,94799526,-451962.706999077,87423.97582570545,298.4032880608445,348.87259391473367,32.4
95.0%,94999525,-451524.0878824224,87377.7396073672,298.24547048907056,349.7463174984133,32.4
95.2%,95199524,-451662.61140472256,87480.39715170744,298.5958703477598,348.590552030279,32.4
95.4%,95399523,-451479.68429425126,86994.06730191899,296.9358860598302,350.05006484135913,32.4
95.6%,95599522,-452511.19632260315,87100.15510361944,297.2979943779611,348.3001884575127,32.4
95.8%,95799521,-452172.65742220636,87965.32723804931,300.2510768386261,348.7813374616374,32.4
96.0%,95999520,-451976.6766366358,87135.0834118883,297.4172147855826,346.9644948212407,32.4
96.2%,96199519,-451725.43507868564,86318.33529384108,294.6294174835164,346.86513546887784,32.4
96.4%,96399518,-450624.7755072382,87888.52140073385,299.98891632509725,349.8160609138165,32.4
96.6%,96599517,-451181.35594721884,87335.35580285604,298.1008023187294,348.11693487932456,32.4
96.8%,96799516,-451429.0900030234,87085.6032429504,297.24832467316867,348.4356351254524,32.4
97.0%,96999515,-453964.27006959356,86795.20604712423,296.25711514214777,346.5580587539293,32.4
97.2%,97199514,-450510.2977432497,87683.65993214236,299.28966494414254,349.3943600653668,32.4
97.4%,97399513,-452987.4185920842,87146.65033986789,297.456696052698,346.9657570255706,32.4
97.6%,97599512,-451243.5252460791,87689.19058400195,299.3085426568573,346.6355326841542,32.4
97.8%,97799511,-451273.25919719087,86732.58121416438,296.0433584936657,349.0825584704931,32.4
98.0%,97999510,-450986.92122609727,87157.37413110463,297.4932994505108,349.25543851344605,32.4
98.2%,98199509,-452285.8212635396,87750.73449692503,299.5186098129541,347.2558495274601,32.4
98.4%,98399508,-451606.21041069226,87146.82382659579,297.4572882130242,350.1057919023817,32.4
98.6%,98599507,-450854.75807586405,87129.4550612038,297.39800359855116,348.80501773607523,32.4
98.8%,98799506,-450602.7335513639,87002.20330423609,296.9636565863953,350.36188430857413,32.4
99.0%,98999505,-451458.53182207607,86861.01074208459,296.4817255783645,348.5239810289754,32.4
99.2%,99199504,-451632.7364025158,87285.71529943298,297.9313649383937,348.8481023594848,32.4
99.4%,99399503,-451560.2462072605,86472.89344266118,295.15696910043744,349.164051918315,32.4
99.6%,99599502,-450661.83799281437,87423.45681814593,298.401516538092,348.1000283606451,32.4
99.8%,99799501,-451742.0101788319,87419.51697277313,298.38806870753297,349.06255087739254,32.4
100.0%,99999500,-452415.8073545727,87295.56044838481,297.9649692762304,348.9161666714823,32.5
