#"Progress (%)","Step","Potential Energy (kJ/mole)","Kinetic Energy (kJ/mole)","Temperature (K)","Box Volume (nm^3)","Speed (ns/day)"
0.2%,199999,-452298.26685651205,87675.58593528019,299.2621060601098,345.8555863252921,0
0.4%,399998,-451294.7631240082,87762.19235086488,299.5577187788582,347.91453892984924,32.7
0.6%,599997,-451904.83827346005,86941.83999157418,296.75761916008935,350.1053345611757,32.7
0.8%,799996,-450805.3733867374,87106.71636557142,297.32038986068545,348.3512558341652,32.7
1.0%,999995,-451421.6268334561,87469.25207387621,298.5578289770818,349.56085042231575,32.7
1.2%,1199994,-451003.9827876133,86875.61113270401,296.53156092989883,348.25490091998006,32.7
1.4%,1399993,-451579.6500242292,87675.63925141178,299.262288043471,349.258809219234,32.7
1.6%,1599992,-451348.5403795969,87159.4703188712,297.50045434498946,347.65407157205186,32.7
1.8%,1799991,-451336.5929724034,87161.42082676268,297.50711199196456,348.2770029738059,32.7
2.0%,1999990,-452434.1899259635,87367.04759093508,298.20897554784636,347.4140824521201,32.7
2.2%,2199989,-449808.02687357366,87495.17737646052,298.64631952515015,349.3181439395108,32.6
2.4%,2399988,-450658.3842072035,86976.53398700783,296.87603979030655,349.22158205638607,32.6
2.6%,2599987,-451502.6727617481,87100.73429623933,297.2999713297133,348.06690273153237,32.6
2.8%,2799986,-452891.3292165394,87942.4946937825,300.17314276825624,347.5692117416445,32.6
3.0%,2999985,-451765.2356441412,87489.33234833676,298.626368755416,347.4462206049184,32.6
3.2%,3199984,-452163.5183767034,86848.97093582456,296.44063024105367,347.6378476603931,32.6
3.4%,3399983,-452111.23421660764,87567.4666313316,298.89306363786363,347.30882952694606,32.5
3.6%,3599982,-450645.3154628356,86438.11776255793,295.03826965684254,349.33188699391843,32.5
3.8%,3799981,-451994.97471403563,86515.04458086367,295.3008431134451,347.4086100936821,32.5
4.0%,3999980,-451105.90253632795,87781.43788056375,299.6234093321461,348.38618857772383,32.5
4.2%,4199979,-451058.208798307,86824.7959720805,296.35811410515566,348.4168386217124,32.5
4.4%,4399978,-451806.2568634297,87668.28306712024,299.2371792611325,347.14813077428363,32.5
4.6%,4599977,-450320.61880418565,86969.96751548222,296.8536265258022,349.14457274263145,32.5
4.8%,4799976,-451630.3285874091,86857.6335718995,296.47019832078945,349.5486271547911,32.5
5.0%,4999975,-452502.3119112919,87711.51483560447,299.3847417775078,347.6900648780187,32.5
5.2%,5199974,-450412.21689080633,85670.61827675952,292.4185721655748,348.3760086634725,32.5
5.4%,5399973,-451276.5670702667,86588.44723998045,295.5513875965343,347.5317660424207,32.5
5.6%,5599972,-451852.95900380146,87968.05402332137,300.26038414458344,347.6668908061549,32.5
5.8%,5799971,-451585.461151124,86713.97436432989,295.97984793928254,348.4362446300873,32.5
6.0%,5999970,-452394.842583132,88066.3135514941,300.5957723034165,346.3902554032696,32.5
6.2%,6199969,-451007.750352893,87054.07163996727,297.1406982020647,349.44168321681394,32.5
6.4%,6399968,-452725.15067179315,86779.2995134007,296.2028215468277,348.5843332078812,32.5
6.6%,6599967,-451997.2931273179,86861.89019366074,296.48472740068536,348.225606656471,32.5
6.8%,6799966,-451262.55638418254,86404.11971516686,294.9222244983683,347.8485660433218,32.5
7.0%,6999965,-451871.68168875156,87759.87163378479,299.54979750096146,347.0814174217048,32.5
7.2%,7199964,-452346.22856118064,87277.7141594204,297.90405473583843,347.78200071724683,32.5
7.4%,7399963,-452053.7706573419,87284.1583005299,297.9260504512888,349.83677200524517,32.5
7.6%,7599962,-452066.1942120739,86682.93455219443,295.8739000924301,347.5117532097994,32.5
7.8%,7799961,-451035.978098955,88000.29957151378,300.37044751696,348.5522778408575,32.5
8.0%,7999960,-452773.1590432604,87112.69877161388,297.3408095409473,346.90842635713955,32.5
8.2%,8199959,-452315.8408437595,87225.51824979135,297.72589501581274,347.96144466386426,32.5
8.4%,8399958,-451955.6590667702,87888.54999398839,299.98901392213617,347.75354788499266,32.5
8.6%,8599957,-451649.7063848893,87905.85351050948,300.04807582336105,349.28959731236745,32.5
8.8%,8799956,-452615.9978718711,86774.56250695518,296.1866527752114,348.90577126666784,32.5
9.0%,8999955,-452060.2046555765,86948.87892666901,296.7816450792598,348.3977179390314,32.5
9.2%,9199954,-451736.0179986465,86517.52522668953,295.30931027435787,349.1208704702631,32.5
9.4%,9399953,-452076.27117601177,87681.72142497913,299.2830482591202,348.28835367119024,32.5
9.6%,9599952,-451136.3749608081,87390.65078680223,298.28954007478507,349.0244765837473,32.5
9.8%,9799951,-452827.27868393343,87576.50463887956,298.92391296888934,347.8529344769337,32.5
10.0%,9999950,-451561.41352891875,87262.09110444612,297.8507287353923,348.2263334066703,32.5
10.2%,10199949,-451119.50728295837,87128.86818290106,297.39600041334285,348.92411178016226,32.5
10.4%,10399948,-452944.90855257865,87819.230922958,299.75240790501755,347.8718809139097,32.5
10.6%,10599947,-452866.04548105225,87627.75452447438,299.0988436355605,347.39747857794623,32.5
10.8%,10799946,-451376.2099307822,87630.46412766073,299.10809229409506,348.99114287305537,32.5
11.0%,10999945,-452816.82739725243,87461.82568601251,298.5324805696682,347.21559898660166,32.5
11.2%,11199944,-451904.16673509823,86880.44151744153,296.5480484286046,347.1622875672701,32.5
11.4%,11399943,-451591.4599994756,87682.06151660264,299.28420909009066,348.1005010989184,32.5
11.6%,11599942,-451756.5675702053,86973.79781963478,296.8667004605278,349.6698589262035,32.5
11.8%,11799941,-453027.0796072488,86800.60675887461,296.27554933172746,348.55599756924636,32.5
12.0%,11999940,-451820.9379233434,87088.94368902233,297.25972658073505,348.6972474807227,32.5
12.2%,12199939,-452293.93836154696,87012.37906213,296.99838938807096,346.0238053349906,32.5
12.4%,12399938,-450688.2111029951,87694.69635436931,299.3273354418504,350.10568130349037,32.5
12.6%,12599937,-451523.1252303184,87424.02757883957,298.40346470924374,347.91657307107084,32.5
12.8%,12799936,-451650.89632050367,87082.89666577347,297.23908634327853,346.4209501180271,32.5
13.0%,12999935,-451780.68326669047,88128.43564355804,300.80781295196874,349.8905973662158,32.5
13.2%,13199934,-451141.6481207679,87679.3464706096,299.2749418536843,348.88193412911994,32.5
13.4%,13399933,-451427.8985155169,87590.47938531241,298.9716128160536,346.53795378943784,32.5
13.6%,13599932,-451177.37067537755,87680.50565905625,299.2788984987659,347.6611137684424,32.6
13.8%,13799931,-452219.4450742975,86788.02540760092,296.23260554482164,349.47037684193197,32.6
14.0%,13999930,-450276.5027231532,87440.92380258694,298.4611364025568,348.0542772980061,32.6
14.2%,14199929,-451993.99766136985,86686.5497132478,295.886239681599,347.68049347454104,32.6
14.4%,14399928,-451879.1750083603,86877.90266440042,296.5393825896489,348.2640343512043,32.6
14.6%,14599927,-451609.8749487307,86399.16249709169,294.90530408083646,348.01524763290513,32.6
14.8%,14799926,-450708.48681299016,87401.68421175552,298.3272003419319,348.53110677895404,32.6
15.0%,14999925,-451723.60651362035,87879.72309316811,299.9588851593651,349.2657268070031,32.6
15.2%,15199924,-450797.1745887422,87211.72334654082,297.67880902539014,349.274777492684,32.6
15.4%,15399923,-452716.91885366384,87234.71603168664,297.75728970284797,347.87025620417984,32.6
15.6%,15599922,-452638.7667465969,86863.0545109738,296.48870155206987,347.3037154725059,32.6
15.8%,15799921,-451717.448301333,86529.87755500848,295.35147233974976,349.21139464341746,32.6
16.0%,15999920,-450843.6347517655,87367.36051396444,298.2100436445554,347.75738035234815,32.6
16.2%,16199919,-452603.63257955434,87048.57606164075,297.1219402054517,347.7971320568474,32.6
16.4%,16399918,-452584.1284149918,86742.48996346723,296.07717991787587,348.3900043650136,32.6
16.6%,16599917,-451553.8527347534,86969.17467121757,296.8509203192581,349.5447818039462,32.6
16.8%,16799916,-451651.62231131457,88123.20508181257,300.7899595335156,347.77904494436143,32.6
17.0%,16999915,-451412.0534551772,87307.79692251002,298.0067358977864,348.46119945110627,32.6
17.2%,17199914,-451848.0971415867,87714.65369565762,299.39545561374985,349.3865006450016,32.6
17.4%,17399913,-451569.43018685514,86730.22501087771,296.03531609109314,348.65885966416636,32.6
17.6%,17599912,-452419.6785344663,87357.12212948862,298.1750970802616,348.4611869030389,32.6
17.8%,17799911,-451634.0233283546,87354.40984087402,298.16583925558456,346.51841972719956,32.6
18.0%,17999910,-452404.49778794125,87767.97535806033,299.57745785324494,347.09066550523215,32.6
18.2%,18199909,-451647.2366073723,87219.12719660095,297.7040805047685,348.1160408874744,32.6
18.4%,18399908,-451692.1334046889,87772.79098188819,299.5938949687012,347.60004477639546,32.6
18.6%,18599907,-452195.5270771305,87149.01840097841,297.4647789294493,346.4200497264276,32.5
18.8%,18799906,-451853.32156467345,86685.9156282855,295.88407536642256,347.76734013121524,32.5
19.0%,18999905,-451299.0156132458,87372.17164980771,298.22646544122364,349.24043348785256,32.5
19.2%,19199904,-452569.71993898135,87264.65795389633,297.85949013418093,348.019984825062,32.5
19.4%,19399903,-451318.722007751,86378.10020851425,294.8334124045974,347.5860924340559,32.5
19.6%,19599902,-452635.30696399324,87019.79900749892,297.0237158053885,348.9559009930089,32.5
19.8%,19799901,-451489.8546583038,87010.18280273821,296.99089292022273,347.80153404159273,32.5
20.0%,19999900,-451826.48002226185,87672.61832872743,299.25197676154323,349.42502592101505,32.5
20.2%,20199899,-451087.0684666489,87628.48100405489,299.10132332026353,347.5905866849575,32.5
20.4%,20399898,-451814.38215311244,87370.27256269346,298.21998330821776,348.8646380780147,32.5
20.6%,20599897,-451846.9063380137,87166.5150962976,297.52450020572553,348.7220636757299,32.5
20.8%,20799896,-452451.92944028927,87411.8211686199,298.3618007044834,348.8174874421064,32.5
21.0%,20999895,-451104.58406673046,86871.7370243743,296.51833747886076,348.21913655450385,32.5
21.2%,21199894,-451577.5520501733,86787.44093408342,296.23061056784013,348.30323567790737,32.5
21.4%,21399893,-451745.51773872273,87004.35267443745,296.9709930078894,349.08120188691197,32.5
21.6%,21599892,-450626.10063132504,87073.43158133398,297.2067792754308,348.4537336192745,32.5
21.8%,21799891,-451112.3888981384,86161.01335326748,294.09243224682496,348.6852079999462,32.5
22.0%,21999890,-451814.0487550893,87502.85498739948,298.672525429503,347.16118486961943,32.5
22.2%,22199889,-450990.6377766384,87768.03154659783,299.5776496409574,348.1711454718038,32.5
22.4%,22399888,-452563.2099539852,87566.82485391328,298.8908730661123,347.05735538173474,32.5
22.6%,22599887,-452238.23661123216,87609.9456415798,299.0380567728922,347.7019294173344,32.5
22.8%,22799886,-451990.61051275814,86809.58262706816,296.3061865631832,347.7217997449137,32.5
23.0%,22999885,-451256.0128664528,87895.05106298922,300.0112039489273,348.72499134674,32.5
23.2%,23199884,-450993.83219917584,86646.10807947151,295.7482007011086,348.4170916323618,32.5
23.4%,23399883,-450906.15259349206,87765.30208307231,299.5683331933472,348.42573143254236,32.5
23.6%,23599882,-451588.5552866757,86683.65826051231,295.8763703180132,347.2976567639444,32.5
23.8%,23799881,-453169.69223097386,87214.87049770672,297.68955116159543,347.78772795748876,32.5
24.0%,23999880,-453343.8319788007,87553.5631598793,298.8456070728007,346.6266483512543,32.5
24.2%,24199879,-451672.88691210654,87806.64858852903,299.70946076231877,348.3886601852168,32.5
24.4%,24399878,-451093.30471074395,87234.0179033326,297.75490678907215,348.8769227621802,32.5
24.6%,24599877,-451551.7167905113,86889.1072245005,296.5776269904962,348.77192494881166,32.5
24.8%,24799876,-451583.0262794001,87345.68052570883,298.1360435808487,348.4852841142491,32.5
25.0%,24999875,-452366.2029767432,86927.69675261504,296.7093441992519,347.74662712411174,32.5
25.2%,25199874,-452782.297057868,88113.42597707978,300.75658062368,347.69240517101804,32.5
25.4%,25399873,-451714.46725375485,87671.3837423108,299.24776276140614,348.73222099366063,32.5
25.6%,25599872,-452083.7633413379,88022.08190903999,300.444796928298,348.36866125502394,32.5
25.8%,25799871,-451471.93430812424,86521.59779658506,295.3232111320597,348.4207134396115,32.5
26.0%,25999870,-452138.6403352665,86787.67464093008,296.2314082768304,348.2695155160257,32.4
26.2%,26199869,-451660.6574177719,87004.77248950698,296.9724259580148,348.5832648529228,32.4
26.4%,26399868,-451983.56699534087,86974.55534514185,296.86928611394796,349.4509710456853,32.4
26.6%,26599867,-451939.16559803067,86798.0636603465,296.266869001698,348.9386608154028,32.4
26.8%,26799866,-451535.38025075616,87137.01317861342,297.4238016369643,348.3897139599784,32.4
27.0%,26999865,-452202.9726517028,87641.19948702358,299.1447351772645,348.03928982990556,32.4
27.2%,27199864,-450833.3149062586,87205.608164949,297.6579361438167,347.2568486712254,32.4
27.4%,27399863,-451666.942082596,87810.91054104886,299.72400803763384,347.92574689858964,32.5
27.6%,27599862,-450879.0080428417,86824.18918469336,296.3560429644901,348.9438271319205,32.5
27.8%,27799861,-450824.84188307356,87136.18983759737,297.42099133619655,349.7456796869126,32.5
28.0%,27999860,-451373.5983154969,86853.24640137283,296.455223640239,349.0287071061793,32.5
28.2%,28199859,-450296.10484997556,87007.19679592899,296.98070081626463,348.86896907632877,32.5
28.4%,28399858,-451006.7605842268,86482.28179607925,295.1890142631399,347.5800181384922,32.5
28.6%,28599857,-451305.7214668421,87622.8950741369,299.0822569275645,349.1878468172492,32.5
28.8%,28799856,-453992.96736394893,87185.79372861213,297.59030374780457,346.97771781029206,32.5
29.0%,28999855,-452281.0903448323,87258.97727876785,297.8401003487047,347.6068258252548,32.5
29.2%,29199854,-451155.1292968341,87788.75018066238,299.64836832505523,347.9159315246497,32.5
29.4%,29399853,-451515.5994486497,87266.4560012985,297.8656273894571,348.5528558330525,32.5
29.6%,29599852,-452347.17417636374,87465.31294561477,298.5443835942311,348.00747707900246,32.5
29.8%,29799851,-451014.7403111765,87373.72785116459,298.231777206073,347.5832103294841,32.5
30.0%,29999850,-451570.8974619624,87055.85869557818,297.1467979391815,349.61729609509644,32.5
30.2%,30199849,-451571.80357800145,87766.07443451765,299.5709694519782,348.26347006782254,32.5
30.4%,30399848,-450522.26954538934,87808.11468507283,299.71446497340787,349.65759278174386,32.5
30.6%,30599847,-451706.7964454526,87826.6020429146,299.77756766709615,348.9575703715862,32.5
30.8%,30799846,-451507.0768725034,87514.079420898,298.71083766400096,348.0031054115994,32.5
31.0%,30999845,-451477.68445743667,87480.25726072025,298.59539285940315,348.4800327855825,32.5
31.2%,31199844,-451509.95583834685,87103.73992656078,297.31023041438823,348.87277804339686,32.5
31.4%,31399843,-451144.2085660673,88315.850521805,301.4475140794022,347.82456834395583,32.5
31.6%,31599842,-451215.6180499466,87560.5647498336,298.86950552221674,349.1049772915997,32.5
31.8%,31799841,-451264.6269870787,87602.03864426562,299.01106790656627,347.71920362781714,32.5
32.0%,31999840,-450431.975288969,86872.58489179518,296.5212314953344,348.2758462981554,32.5
32.2%,32199839,-451809.39536011964,87776.49086355558,299.6065237338032,348.38732378326154,32.5
32.4%,32399838,-451032.3151812223,87233.14812752826,297.75193799295596,349.27229834304205,32.5
32.6%,32599837,-450961.48450390855,87153.98351722793,297.48172630573214,349.04677832498953,32.5
32.8%,32799836,-452207.44959777547,87310.08443168318,298.0145438275024,346.29535508311636,32.5
33.0%,32999835,-450746.8991587949,86733.44419394399,296.0463040929859,349.5373892315384,32.5
33.2%,33199834,-452206.20322715165,87636.03897865946,299.12712087124174,349.29009942843624,32.5
33.4%,33399833,-451230.57621102594,87603.26065909953,299.0152389962594,347.94402912251456,32.5
33.6%,33599832,-451658.3836301211,86645.83403049852,295.74726529278547,349.34092644944513,32.5
33.8%,33799831,-450660.03992927726,86750.43023556902,296.1042823606656,350.6931538265111,32.5
34.0%,33999830,-453009.28757413477,86874.41518875779,296.52747882767784,348.3252902328242,32.5
34.2%,34199829,-452098.77695941646,86997.34129329107,296.9470611383059,347.47905757404214,32.5
34.4%,34399828,-452615.4034801321,87863.03174696659,299.90191277230934,347.67563806402103,32.5
34.6%,34599827,-451745.6784193488,87015.9727753409,297.0106557695567,347.317601790251,32.5
34.8%,34799826,-451946.2809574045,88095.84072397603,300.696557074099,348.1682730360194,32.5
35.0%,34999825,-451127.3379399767,87388.15705545511,298.2810282492076,348.91131371330533,32.5
35.2%,35199824,-452417.5341298152,86715.97296253091,295.9866697323784,349.5756148591492,32.5
35.4%,35399823,-453351.4688452361,87835.26610692572,299.80714062079073,346.87944249877705,32.5
35.6%,35599822,-452298.890763273,88298.37767766777,301.3878742141012,346.6565944841495,32.5
35.8%,35799821,-450866.0639708233,88133.6412477075,300.82558118293593,349.69035340649367,32.5
36.0%,35999820,-451351.1493349052,87157.59002353916,297.4940363537656,348.1495713654907,32.5
36.2%,36199819,-451560.9316294603,87668.09580401285,299.2365400780428,349.25378459449377,32.5
36.4%,36399818,-452126.38825843204,87078.9138173291,297.2254917308118,346.4026608240256,32.5
36.6%,36599817,-450918.72371950094,87185.9507828019,297.59083981913045,347.9996570732547,32.5
36.8%,36799816,-451863.57502093865,86839.95142942667,296.40984405979856,347.56987233435876,32.5
37.0%,36999815,-451033.5727981883,87334.27523317526,298.0971140222103,347.216321631578,32.5
37.2%,37199814,-451795.80865844386,87278.82118328198,297.9078333281197,347.61181595396965,32.5
37.4%,37399813,-452330.87516809674,87325.09552486287,298.06578102553533,349.14356165312205,32.5
37.6%,37599812,-451495.0818536724,87530.84102623077,298.768049865771,347.3720976427244,32.5
37.8%,37799811,-452502.8365283995,86832.01456156187,296.3827532366531,347.7255794058937,32.5
38.0%,37999810,-450392.7690324355,87509.34869116399,298.6946903166146,348.1701570936484,32.5
38.2%,38199809,-451188.33275281265,86478.66616174928,295.17667305854127,348.6346891928771,32.5
38.4%,38399808,-451892.0991252074,87027.7649878691,297.05090599792595,348.1180123867382,32.5
38.6%,38599807,-451605.4267921224,87907.31229501899,300.0530550763646,348.3823516045934,32.5
38.8%,38799806,-452443.3898262009,86854.23472485493,296.4585970738303,346.3828675824975,32.5
39.0%,38999805,-451587.56655432424,86660.47280419781,295.7972316568611,351.27089330527497,32.5
39.2%,39199804,-450965.57315471023,87220.0101044175,297.7070941242364,350.7479459766905,32.5
39.4%,39399803,-452324.2777386606,87284.65515195369,297.9277463487487,349.23850596555957,32.5
39.6%,39599802,-451251.1296662842,87361.46916775033,298.1899347777967,349.5205893636419,32.4
39.8%,39799801,-451449.38189245714,87149.57802462333,297.46668908663617,349.32132170740414,32.4
40.0%,39999800,-451150.6635251669,86862.45872124145,296.4866679495775,347.8316705393804,32.4
40.2%,40199799,-452211.7599943923,86975.9988640662,296.8742132610989,348.3889635522881,32.4
40.4%,40399798,-451937.6560028987,87414.30003401625,298.3702617882759,348.54390120499545,32.4
40.6%,40599797,-451840.78616027907,86893.6288174438,296.59306049359196,349.4359845779593,32.4
40.8%,40799796,-451563.48662348697,87445.88200688118,298.4780601863393,347.6034748381982,32.4
41.0%,40999795,-451913.5451218784,87633.72577615496,299.1192252427626,348.0081170640614,32.4
41.2%,41199794,-450130.03838285245,87433.60438249633,298.436153107058,348.18684984303275,32.4
41.4%,41399793,-450375.3146937243,87500.16354069463,298.66333874428557,349.3916631553124,32.4
41.6%,41599792,-451210.3147266316,87646.09671472601,299.16145083032177,348.34076397063143,32.4
41.8%,41799791,-452401.5109011326,88014.24155737425,300.41803554282546,347.65871524338786,32.4
42.0%,41999790,-450688.13154911157,87799.20584262538,299.6840565201886,348.8250822649804,32.4
42.2%,42199789,-451310.4716814677,87155.98954532028,297.4885734591938,348.8504372716276,32.4
42.4%,42399788,-451611.1148084742,86968.65550356254,296.84914825005336,348.47127232735164,32.4
42.6%,42599787,-452248.6129464484,87814.36063616135,299.73578420905557,346.0745943246416,32.4
42.8%,42799786,-451494.2339792773,87143.0897191898,297.4445426255878,348.0375015009001,32.4
43.0%,42999785,-452343.0033725095,87546.05501565995,298.8199796073243,346.4042069246581,32.4
43.2%,43199784,-450228.5911659426,87145.21112065495,297.4517835817045,347.8627942028158,32.4
43.4%,43399783,-451914.12653803965,87454.11844292283,298.5061735222236,347.71927438938883,32.4
43.6%,43599782,-452985.3712151423,87203.5288288091,297.6508387688086,348.0947816416118,32.4
43.8%,43799781,-450972.58534234157,87296.70657801886,297.9688813478116,347.9623128126124,32.5
44.0%,43999780,-451565.4518404268,87384.70174778346,298.26923428581546,348.8337586469726,32.5
44.2%,44199779,-451296.2577229128,87717.08517523445,299.4037549560495,348.09296428508236,32.5
44.4%,44399778,-452256.42264575604,87575.1038393142,298.91913163525317,347.79081552845645,32.5
44.6%,44599777,-451858.23202439444,87860.44070269728,299.8930687896127,348.53186491717054,32.5
44.8%,44799776,-451816.4358031531,87881.09749922244,299.9635764043224,347.8478691651841,32.5
45.0%,44999775,-451853.1233613575,87514.10268232215,298.7109170619623,348.82638075315174,32.5
45.2%,45199774,-450761.16675823275,87603.75157019464,299.0169146176612,349.3754250326964,32.5
45.4%,45399773,-451489.83597160457,88253.06345738238,301.23320368806566,349.82635405722294,32.5
45.6%,45599772,-451703.6483645169,87216.94314386789,297.6966257017732,347.7158349072588,32.5
45.8%,45799771,-451382.1389108533,88024.38779834227,300.4526675947051,347.3238134552341,32.5
46.0%,45999770,-452392.196961998,87005.51573271153,296.97496286181,348.97336000090365,32.5
46.2%,46199769,-452970.2021771753,86589.86492217542,295.55622655546307,347.4318196523773,32.5
46.4%,46399768,-451778.90771495085,87688.3739367929,299.30575520398685,348.52383967374567,32.5
46.6%,46599767,-451296.03349526366,87528.07036161656,298.7585927869412,347.26178547290743,32.5
46.8%,46799766,-452520.24464523187,86935.4643052039,296.73585710044193,349.1643001198826,32.5
47.0%,46999765,-451118.5947324466,87654.10951767553,299.18880084185054,349.34711353960057,32.5
47.2%,47199764,-451110.6121231797,88025.7369902446,300.4572727764767,348.8281630208364,32.5
47.4%,47399763,-451586.3369313576,87462.41810589994,298.5345026699062,349.22909667563795,32.5
47.6%,47599762,-452037.2181582167,87147.23770254984,297.4587008912326,348.05973478489875,32.5
47.8%,47799761,-451575.1394689842,86566.59216909867,295.47678992523964,348.01295558304207,32.5
48.0%,47999760,-451109.8771325536,87561.96894101222,298.87429843240886,349.0042867168463,32.5
48.2%,48199759,-450081.58787418157,87421.52748697693,298.3949311733891,349.40786380878916,32.5
48.4%,48399758,-450915.0674138521,87582.87784277624,298.94566655513717,349.0336135426119,32.5
48.6%,48599757,-451853.3937279433,87633.83941778407,299.1196131344761,347.5590548089472,32.5
48.8%,48799756,-450723.2620396875,86057.66175563075,293.73966338370866,349.91792027226245,32.5
49.0%,48999755,-451609.6642857413,87527.80312818271,298.75768064202236,348.08797984521016,32.5
49.2%,49199754,-451739.2979554129,87461.40819808468,298.53105556274977,347.8104740006337,32.5
49.4%,49399753,-452355.0688713966,87917.8585190957,300.0890523861574,348.16228303901426,32.5
49.6%,49599752,-452057.6474055918,86391.63317869313,294.8796043417687,345.93268834661745,32.5
49.8%,49799751,-451393.7414192497,87654.63777831139,299.1906039480259,348.92662902816556,32.5
50.0%,49999750,-451440.2692876924,87251.53497119853,297.8146976027363,347.85441632445634,32.5
50.2%,50199749,-451369.322283722,87637.22051016285,299.13115377963135,348.6363476658487,32.5
50.4%,50399748,-451846.0895415293,87220.59183847718,297.70907975065694,350.64513507637224,32.5
50.6%,50599747,-452135.68241815036,87649.46579588414,299.17295047771063,347.94699444477203,32.5
50.8%,50799746,-451696.14081396116,87050.38473819359,297.1281137410901,347.4218083384422,32.5
51.0%,50999745,-452489.4519425677,86365.1610945565,294.78924747028594,348.89322621561763,32.5
51.2%,51199744,-452031.4997058986,86580.67538742902,295.5248600183297,348.0547536880921,32.5
51.4%,51399743,-451726.78577517346,86715.34705908288,295.984533343074,346.9865975607393,32.5
51.6%,51599742,-451444.2954668519,86920.91907237406,296.6862100183796,348.68020565217023,32.5
51.8%,51799741,-451112.92385771265,86951.39086185046,296.7902190397833,349.31464768064177,32.5
52.0%,51999740,-450655.25325788837,87488.78015618236,298.6244839640535,349.3218997501247,32.5
52.2%,52199739,-451634.25181786437,87645.19790114881,299.1583829198973,349.04402906175744,32.5
52.4%,52399738,-451523.99539843574,86746.06742129137,296.08939081503013,349.0648980859812,32.5
52.6%,52599737,-451415.226879369,87102.0281377508,297.3043875846091,349.68431179071786,32.5
52.8%,52799736,-452656.72044366226,87625.14855014742,299.08994869226353,348.69209398886676,32.5
53.0%,52999735,-451789.282736836,86427.18750493671,295.00096152960725,347.8522953121061,32.5
53.2%,53199734,-451921.8391573271,87813.32302927296,299.7322425569597,348.51490424667213,32.5
53.4%,53399733,-451477.4268975337,87619.46854344576,299.0705611883211,349.35392714303805,32.5
53.6%,53599732,-451375.24558011256,86872.98909334978,296.52261115202225,349.4026597573819,32.5
53.8%,53799731,-451406.93897711765,87969.27756841457,300.26456045749364,347.8276571574911,32.5
54.0%,53999730,-452062.76010342455,87346.24996313188,298.13798723529567,347.1279896303508,32.5
54.2%,54199729,-451466.6174309142,86998.5470226517,296.95117664097353,348.31266259149385,32.5
54.4%,54399728,-451256.2467452423,87922.43518983322,300.10467388567804,346.44434676245845,32.5
54.6%,54599727,-452355.819400704,87739.58794726973,299.48056341851526,348.1621994157164,32.5
54.8%,54799726,-450352.4654488256,87123.25782629468,297.3768506452989,346.97801831859044,32.5
55.0%,54999725,-451144.2944281199,86682.76623189088,295.873325566603,350.47217109152734,32.5
55.2%,55199724,-451011.8493984961,87879.16378006362,299.9569760621425,348.3550498057773,32.5
55.4%,55399723,-452271.8177023395,87244.34686450643,297.7901625178057,348.1624677342227,32.5
55.6%,55599722,-452331.0140212714,87248.67195059411,297.80492528622847,347.81582438566363,32.5
55.8%,55799721,-451079.10741780093,87153.52711606515,297.4801684767,349.2258402622583,32.5
56.0%,55999720,-450490.3665389577,87418.58275831607,298.38487996367746,349.10521730190396,32.5
56.2%,56199719,-451775.7627488887,86513.8181800656,295.29665705318916,347.77661140141527,32.5
56.4%,56399718,-451624.2592974617,87275.68187093997,297.89711794808517,349.16197193928167,32.5
56.6%,56599717,-451926.90950369276,87394.68063816591,298.3032951217955,346.73198712225167,32.5
56.8%,56799716,-452474.8221183452,87513.32433995159,298.7082603545726,347.62938297859597,32.5
57.0%,56999715,-450423.3445708463,86798.6177247233,296.2687601834965,348.3755847341607,32.5
57.2%,57199714,-450709.68970320094,86690.23776083556,295.8988280535681,349.0538923792179,32.5
57.4%,57399713,-450887.87954953685,87183.40370098455,297.582145892984,347.85674065161237,32.5
57.6%,57599712,-452278.2689753445,87387.89934709252,298.2801486161089,347.9136158160662,32.5
57.8%,57799711,-451525.09435248794,87738.44889350864,299.4766754989328,347.76374816733147,32.5
58.0%,57999710,-451285.738568421,87221.37956910662,297.7117685028866,348.13547528645825,32.5
58.2%,58199709,-452209.7854511845,87107.78435334994,297.32403521153697,348.52340648833666,32.5
58.4%,58399708,-451007.34399056295,87770.76956909988,299.5869953028274,348.77157615266134,32.5
58.6%,58599707,-452682.9685650738,86895.39822007657,296.5990999759941,347.54727289632893,32.5
58.8%,58799706,-452828.64992467547,86241.30532670091,294.36649195014013,347.91267724752447,32.5
59.0%,58999705,-452146.7995951092,87203.55928175303,297.6509427135047,347.10215828217986,32.5
59.2%,59199704,-451685.6808598009,87149.21126997977,297.4654372470748,348.3223986651278,32.5
59.4%,59399703,-451204.5859170123,87009.97080229863,296.99016930147116,346.3717510711644,32.5
59.6%,59599702,-452555.76154136285,87154.88095968997,297.48478953614455,347.6783067033447,32.5
59.8%,59799701,-451466.2053244435,87252.29939721903,297.81730680960254,347.7068593106582,32.5
60.0%,59999700,-452453.9236838906,86890.48671690654,296.5823355966414,347.94837263824286,32.5
60.2%,60199699,-451697.38910143357,87063.0471221435,297.1713341159318,347.50075321488595,32.5
60.4%,60399698,-452653.64520938974,86694.1978130078,295.9123448557717,346.7146414059547,32.5
60.6%,60599697,-451378.41828705,86495.12365481589,295.23284723728267,347.8309196564627,32.5
60.8%,60799696,-451732.4967491301,88148.62785161712,300.87673479201464,349.0051413452528,32.5
61.0%,60999695,-450870.91591561446,86844.38960398576,296.42499283184776,348.54233170309885,32.5
61.2%,61199694,-450780.0128109227,87599.17125085677,299.0012806644135,349.63874861704056,32.5
61.4%,61399693,-452163.4195647896,87088.5232958952,297.258291657532,348.38349487231534,32.5
61.6%,61599692,-452518.59350019787,87433.38780859136,298.4354138777477,348.6924019651658,32.5
61.8%,61799691,-451602.22572545614,86518.29245992051,295.31192906304454,347.4281149788801,32.5
62.0%,61999690,-452533.02289106743,87485.22895660702,298.61236269388894,347.57808033411334,32.5
62.2%,62199689,-451738.14580577286,88182.366902348,300.9918959200583,347.57840867786416,32.5
62.4%,62399688,-450982.2848394355,87093.038339619,297.2737028062495,348.0097401191889,32.5
62.6%,62599687,-451272.694990139,87507.85859054723,298.6896041726892,349.5300913471372,32.5
62.8%,62799686,-451683.7846051408,87775.80262964102,299.60417459260805,349.59544923291827,32.5
63.0%,62999685,-451711.6312219072,86512.61531582987,295.29255133002056,347.7973460971012,32.5
63.2%,63199684,-451887.373571604,87311.11405055234,298.0180582141807,348.23264855514486,32.5
63.4%,63399683,-452475.5503889886,87502.17403273657,298.67020113449684,348.3628013887236,32.5
63.6%,63599682,-451140.7778595672,87043.0144867489,297.1029569434936,348.74242803107626,32.5
63.8%,63799681,-452293.22217276273,87151.83453403885,297.47439120522284,347.3303759063821,32.5
64.0%,63999680,-452191.1671059639,87840.75621236698,299.825879936865,347.7128816277739,32.5
64.2%,64199679,-451926.15817303676,87085.53184104583,297.2480809578389,348.721772834343,32.5
64.4%,64399678,-451703.2010368919,86761.12087370205,296.14077259735683,347.2550993260654,32.5
64.6%,64599677,-451792.2092868597,88404.29287065013,301.74939336880703,347.3913748018705,32.5
64.8%,64799676,-452680.19553262694,87433.44012403279,298.43559244546424,348.8149355128262,32.5
65.0%,64999675,-453492.0017747814,87566.04159016856,298.8881995606508,346.0334163131958,32.5
65.2%,65199674,-451619.3660228257,87601.63448930663,299.00968840892267,348.5700249354443,32.5
65.4%,65399673,-452591.3005688423,87047.25692405412,297.11743760774283,347.77064969661023,32.5
65.6%,65599672,-452240.50799850933,87287.79078325583,297.9384491643307,347.0498132668495,32.5
65.8%,65799671,-452167.4126404743,87507.81558844435,298.68945739408787,348.54285026160073,32.5
66.0%,65999670,-451134.76239152625,87284.90364963328,297.92859454312514,347.776667734803,32.5
66.2%,66199669,-452646.8127156212,86774.76419590646,296.1873411978743,347.4144301571248,32.5
66.4%,66399668,-452049.03437056346,86924.80163373088,296.6994623220415,348.5631606689488,32.5
66.6%,66599667,-451713.3537134887,87156.67479881196,297.4909124273446,348.4928129923799,32.5
66.8%,66799666,-451081.42944742925,87189.95008770342,297.60449060224,348.52039913754646,32.5
67.0%,66999665,-451591.2120333351,87340.80192929367,298.11939152175785,348.6538140650849,32.5
67.2%,67199664,-451650.82817217195,87176.03730720398,297.5570022627097,346.3925090365223,32.5
67.4%,67399663,-452131.2330888426,87322.05237896205,298.055393889349,348.5712813388452,32.5
67.6%,67599662,-451380.4254887649,85932.85975837847,293.313678109247,347.59341764861136,32.5
67.8%,67799661,-452016.09650067985,88700.20090449898,302.7594129821927,348.15791804361874,32.5
68.0%,67999660,-451107.67479649326,87596.924465233,298.9936117359374,348.2640678429094,32.5
68.2%,68199659,-452064.73415681766,87273.02644585678,297.8880542150698,348.80881062570444,32.5
68.4%,68399658,-451338.2012802134,87261.27597571025,297.8479464655095,348.4180281195527,32.5
68.6%,68599657,-451734.1644237614,87490.06901502924,298.6288832116755,350.2529861326177,32.5
68.8%,68799656,-450683.2001036615,87331.54000769494,298.0877779073836,349.31047373431977,32.5
69.0%,68999655,-451814.09463030566,87454.75414732215,298.5083433650064,347.94112279892437,32.5
69.2%,69199654,-451178.57590474235,86782.32443849149,296.21314649012504,348.3192289529397,32.5
69.4%,69399653,-453147.8453910975,87102.56524222321,297.3062208773539,347.016475427979,32.5
69.6%,69599652,-453032.36572600994,86724.14253554377,296.01455484542737,347.8194974372837,32.5
69.8%,69799651,-452906.57098213304,87628.0063648427,299.09970323949943,348.00403516160395,32.5
70.0%,69999650,-451932.7616851018,87358.23315246427,298.1788893226746,346.5398054445224,32.5
70.2%,70199649,-453166.59680861793,87429.88689433679,298.42346424591136,348.3950043471871,32.5
70.4%,70399648,-451213.298844039,87093.26578289887,297.2744791358767,348.95718969482004,32.5
70.6%,70599647,-451382.95740416413,87423.10857629543,298.40032788804206,348.79323187948336,32.5
70.8%,70799646,-451895.7324652523,87321.03187172866,298.0519106033161,347.89965613985964,32.5
71.0%,70999645,-451806.7329807379,86783.00607274531,296.2154731047714,348.88830206608804,32.5
71.2%,71199644,-452475.94905658765,87036.46436910261,297.0805994995044,346.6474646598129,32.5
71.4%,71399643,-453204.6898758188,87125.76582925592,297.3854111840188,347.78809924011324,32.5
71.6%,71599642,-450790.6194914328,87237.30689041177,297.7661330522287,349.74127823429103,32.5
71.8%,71799641,-451822.3213048442,87023.94105826091,297.037853821362,348.0434493837804,32.5
72.0%,71999640,-451670.924255732,86631.71741435304,295.6990812033029,347.3575661736257,32.5
72.2%,72199639,-451804.87239659904,87361.60238090239,298.1903894727727,347.83815607887215,32.5
72.4%,72399638,-452742.3687209431,87404.61377321981,298.3371997816195,347.42528393791173,32.5
72.6%,72599637,-451326.284275217,86451.04315672454,295.0823877615429,349.0388753124368,32.5
72.8%,72799636,-452671.97387683904,87012.28004803217,296.99805142434786,349.14773881021995,32.5
73.0%,72999635,-452174.7807409363,87053.56302793423,297.13896216224754,347.85261007604765,32.5
73.2%,73199634,-450578.14281991404,87602.29772238829,299.01195221505196,349.69770891796094,32.5
73.4%,73399633,-453025.8545969743,86850.7589694637,296.44673331646345,349.8433216546771,32.5
73.6%,73599632,-452257.927575381,87206.27470405225,297.6602112343528,348.44155757212013,32.5
73.8%,73799631,-450995.53302140906,87185.3934472643,297.5889374719151,350.1740828439179,32.5
74.0%,73999630,-451127.5387683227,87813.26919044537,299.732058789486,349.65452970445904,32.5
74.2%,74199629,-451072.5691437144,87139.79529816913,297.43329781481896,348.2412511084881,32.5
74.4%,74399628,-452501.2422444918,86519.81842518243,295.3171376233659,349.0653989537791,32.5
74.6%,74599627,-451214.01658354,86845.67346470233,296.4293750194069,347.264443511985,32.5
74.8%,74799626,-452000.12950843154,87216.40560865073,297.69479093877214,349.5007129403028,32.5
75.0%,74999625,-451638.7829836472,88083.31767136476,300.6538122773717,348.18770296632516,32.5
75.2%,75199624,-451999.6710051084,87240.99325545039,297.7787156811715,348.22515183995705,32.5
75.4%,75399623,-451822.9128480917,86579.35348031903,295.5203479674375,349.5153061863711,32.5
75.6%,75599622,-450563.33261462767,87612.85547233518,299.0479888659697,348.77337970068874,32.5
75.8%,75799621,-451237.1062766849,87165.6195786816,297.5214435453688,349.2458919311299,32.5
76.0%,75999620,-450994.0170841478,87771.39945448187,299.5891452836228,350.19660852553164,32.5
76.2%,76199619,-451592.51123060426,86939.627629656,296.75006772966617,347.3635459901336,32.5
76.4%,76399618,-450744.5487819528,88027.0772517341,300.4618474761693,348.60047021131555,32.5
76.6%,76599617,-450437.34271874465,87419.3732489119,298.38757813646987,349.5065700813142,32.5
76.8%,76799616,-450839.79917631485,87575.4618219207,298.9203535333177,347.889132913878,32.5
77.0%,76999615,-451388.3764310917,87082.38874270592,297.23735265509964,348.6673767933399,32.5
77.2%,77199614,-451831.3706569979,87217.64433156641,297.69901905797565,347.4446452173829,32.5
77.4%,77399613,-451838.8277932573,87580.09799686784,298.9361781378976,346.45122235683476,32.5
77.6%,77599612,-450889.4029034525,88393.30181315565,301.7118777140379,348.52460140612015,32.5
77.8%,77799611,-451827.1612377041,87782.29916581191,299.62634914754096,348.62225642154357,32.5
78.0%,77999610,-452875.0290535954,87207.96896989178,297.66599425317105,347.85287617908756,32.5
78.2%,78199609,-452839.04385573696,88479.75537223188,302.00696868935967,347.88997217628736,32.5
78.4%,78399608,-451536.98238740116,87508.60676447224,298.6921579064579,348.6505893438411,32.5
78.6%,78599607,-451427.63165142527,87211.6200120307,297.67845631485164,346.11070263879446,32.5
78.8%,78799606,-451785.90875247633,87146.43186731392,297.4559503427502,348.3852052502646,32.5
79.0%,78999605,-451797.50466079684,87025.89534166933,297.04452435526724,348.1724277341487,32.5
79.2%,79199604,-451150.1436544028,87417.92623747082,298.3826390683504,347.24447260381066,32.5
79.4%,79399603,-452743.0354774273,87851.49333217193,299.86252882893206,347.5367392898749,32.5
79.6%,79599602,-450181.8810844887,87199.76768718282,297.6380009057677,347.3643552821068,32.5
79.8%,79799601,-451632.02327808784,87253.79572669067,297.8224142144094,347.794657119778,32.5
80.0%,79999600,-451383.8833345673,86442.3721736283,295.0527911910118,349.8586776910569,32.5
80.2%,80199599,-452002.0178550128,87798.4043233674,299.68132070338595,348.2691171856415,32.5
80.4%,80399598,-451875.12045525387,87389.12743031792,298.28434041897543,346.5227818670011,32.5
80.6%,80599597,-451691.04282398056,87372.16791989235,298.2264527099449,346.2807847579837,32.5
80.8%,80799596,-451366.56049322896,87415.99399227567,298.37604375723436,347.10044700543597,32.5
81.0%,80999595,-451956.5948396106,87316.69777410306,298.03711707591077,350.5041260593669,32.5
81.2%,81199594,-451956.0872583939,87237.70486384141,297.76749145052673,348.13963132166833,32.5
81.4%,81399593,-452275.793380836,87766.26766795752,299.5716290135376,348.4825773261085,32.5
81.6%,81599592,-451591.8503604764,87250.82528343168,297.8122752333448,347.5265257541837,32.5
81.8%,81799591,-452017.6704076184,86850.4290631907,296.445607251037,348.739646453485,32.5
82.0%,81999590,-453045.2660682737,87853.58289693146,299.86966111717413,347.716984663688,32.5
82.2%,82199589,-452229.02529851487,87049.46572512161,297.1249768839538,348.8022867579191,32.5
82.4%,82399588,-452595.22525406675,87653.4209178763,299.1864504517852,348.0191458022796,32.5
82.6%,82599587,-452163.378684585,87716.29313993566,299.40105151073965,347.38439173448234,32.5
82.8%,82799586,-451781.93906059535,86907.04488908697,296.6388534222865,349.61066915836216,32.5
83.0%,82999585,-451500.8603536063,87173.11511830753,297.5470279877262,349.98203457103745,32.5
83.2%,83199584,-452275.87769765547,87439.28829620972,298.45555394676023,347.8373201448585,32.5
83.4%,83399583,-451687.6735910685,87423.36734743029,298.4012111486896,348.382857967748,32.5
83.6%,83599582,-452065.5389983859,87734.81739728968,299.46428015312426,349.4355329097127,32.5
83.8%,83799581,-452267.3185108183,87566.98243781795,298.89141094550814,348.9143965045512,32.5
84.0%,83999580,-451929.18616341054,87107.37584817177,297.32264086533837,348.7965998353967,32.5
84.2%,84199579,-452224.27121174755,87612.18881822168,299.0457133828704,348.7831148742384,32.5
84.4%,84399578,-450618.24561771145,87382.52006078779,298.26178755776544,348.78717286369505,32.5
84.6%,84599577,-451897.384185825,87853.71603359468,299.87011555107165,348.3495478813019,32.5
84.8%,84799576,-451397.1812019022,87501.42855669779,298.66765660939325,347.55315503190894,32.5
85.0%,84999575,-451359.92184669524,87141.49804106902,297.4391097682934,348.60077672599493,32.5
85.2%,85199574,-451864.03836212493,87207.5160595919,297.6644483394625,348.8200371610729,32.5
85.4%,85399573,-451785.01669567777,87663.87814862095,299.22214400162375,348.4868010289683,32.5
85.6%,85599572,-452261.20313882176,87605.84941017267,299.02407515161497,346.9407255758343,32.5
85.8%,85799571,-452055.4702092977,87028.907130884,297.0548044620242,348.17787100374034,32.5
86.0%,85999570,-451566.87650953745,87099.09970375229,297.294391993288,347.0115915132291,32.5
86.2%,86199569,-451363.67811568175,87501.68942020822,298.6685470119231,348.81769750054485,32.5
86.4%,86399568,-451394.81512182346,86720.51767663128,296.00218215466344,347.76835570861147,32.5
86.6%,86599567,-451966.8037029584,88046.7886150505,300.5291280541826,349.05563918887293,32.5
86.8%,86799566,-451907.9184373212,88072.78643486158,300.6178661244976,348.66072123923374,32.5
87.0%,86999565,-451157.120758459,86639.64281849778,295.72613289745965,347.75958597893606,32.5
87.2%,87199564,-452458.9903420168,87785.61724572792,299.6376747129552,347.60288924645596,32.5
87.4%,87399563,-453019.08736412413,87479.64845482512,298.59331482898665,347.52857152100216,32.5
87.6%,87599562,-451545.5924181421,87617.64528622979,299.06433788466677,349.3474816613483,32.5
87.8%,87799561,-451996.0277061714,87573.87616892095,298.91494124150205,347.41993752462486,32.5
88.0%,87999560,-452248.51637664717,87230.72843160131,297.74367887165783,348.94250459154847,32.5
88.2%,88199559,-451587.3190020267,87851.84317285323,299.8637229362534,350.42822016324834,32.5
88.4%,88399558,-451406.8349475148,87361.96132464346,298.1916146514671,348.63434151861196,32.5
88.6%,88599557,-451463.9193308675,87069.58485118998,297.19364927405064,346.7696241223445,32.5
88.8%,88799556,-451283.7652195003,87181.75584042368,297.57652126878924,349.2007589991923,32.5
89.0%,88999555,-450856.1157075111,87587.23302575469,298.9605320529437,348.4711300396039,32.5
89.2%,89199554,-451564.7747941129,87247.05413657328,297.7994032195559,348.8023667398689,32.5
89.4%,89399553,-451847.78624242963,86972.26823633641,296.8614795508027,349.0584119109248,32.5
89.6%,89599552,-452749.7594470023,87152.7213134102,297.4774180394259,347.7771319001429,32.5
89.8%,89799551,-452234.35608228575,88577.14335682316,302.33938201814254,347.44693835585247,32.5
90.0%,89999550,-452462.9581837859,87451.32752950944,298.49664732839193,347.273622595301,32.5
90.2%,90199549,-452476.575070824,86520.64324102359,295.3199529581379,348.79439465419364,32.5
90.4%,90399548,-452283.93223983515,88060.98002358503,300.57756743169796,348.856693281032,32.5
90.6%,90599547,-450637.7221250171,87360.89005975367,298.18795811488803,349.0884464712042,32.5
90.8%,90799546,-451840.7602644311,87135.84211829901,297.41980446976805,347.85583936254164,32.5
91.0%,90999545,-451830.6348295864,87052.2689232385,297.1345450090279,348.90387404390856,32.5
91.2%,91199544,-451134.29245950235,86995.77356718236,296.9417100361489,347.18180989216137,32.5
91.4%,91399543,-451354.11255516857,87231.10051783262,297.7449489094686,349.0859957479681,32.5
91.6%,91599542,-452622.5138700134,87934.41578282637,300.14556711100107,347.8158482348362,32.5
91.8%,91799541,-451350.23658420565,87276.12004029535,297.89861354669114,349.4040911386702,32.5
92.0%,91999540,-451345.381525761,88575.16480205499,302.332628639074,348.5675699601721,32.5
92.2%,92199539,-450184.2807478369,86524.31642940734,295.3324906113506,349.9149347819634,32.5
92.4%,92399538,-451963.4012993411,87399.56543530675,298.3199683457546,348.1097718759523,32.5
92.6%,92599537,-452665.1590006696,86850.39613540052,296.44549485897556,346.61458747075216,32.5
92.8%,92799536,-451593.1708094822,88044.61132428405,300.52169633173304,348.50197865499075,32.5
93.0%,92999535,-451569.3495468097,86567.84363324672,295.48106153395037,347.9600712917547,32.5
93.2%,93199534,-451694.43912985595,88011.9017263935,300.41004902366336,347.8276330733334,32.5
93.4%,93399533,-451805.7846211791,87232.90351070592,297.75110304506654,347.67467057532815,32.5
93.6%,93599532,-452225.9003114286,87545.8329472589,298.81922162371137,347.14523322071284,32.5
93.8%,93799531,-451415.6720754043,87474.55897646653,298.5759429688948,348.7988336800478,32.5
94.0%,93999530,-451803.89917230746,87222.17155877396,297.7144717924432,349.21920338137886,32.5
94.2%,94199529,-452618.31922908826,88030.69756468403,300.47420465024953,347.492077078904,32.5
94.4%,94399528,-451718.1332262438,87840.06265433738,299.823512622927,348.2311226437576,32.5
94.6%,94599527,-452017.6196830687,86483.86312565509,295.19441179786054,347.9963482400185,32.5
94.8%,94799526,-452240.20345983,87426.3164600149,298.4112773219996,346.5293543574883,32.5
95.0%,94999525,-451883.64962227875,86194.8977005796,294.2080893140795,348.1495259677715,32.5
95.2%,95199524,-451739.6063101352,87769.33182866964,299.5820878793465,348.55176938176936,32.5
95.4%,95399523,-452552.10366919544,88188.73069391533,301.01361737930665,348.5521875487529,32.5
95.6%,95599522,-451351.6236001719,86778.05638549372,296.19857839211625,347.28691803289746,32.5
95.8%,95799521,-451786.74225615244,87315.26061620226,298.0322116407712,348.33245670951993,32.5
96.0%,95999520,-452395.77228219435,87235.10350638721,297.7586122659504,348.5254913399324,32.5
96.2%,96199519,-451741.4661242692,87407.62420903647,298.347475268838,347.8233765705929,32.5
96.4%,96399518,-452666.6980772554,87873.37206742843,299.9372072735748,346.022289190151,32.5
96.6%,96599517,-451245.64003711333,88227.49409556738,301.14592806868154,347.5596358918994,32.5
96.8%,96799516,-451872.96189329866,87168.68751871656,297.5319153110985,348.3767991729631,32.5
97.0%,96999515,-451185.88696259493,87395.32261628876,298.3054863786093,347.85557154806895,32.5
97.2%,97199514,-451352.46659951145,87815.01913149768,299.7380318438911,348.4947304817783,32.5
97.4%,97399513,-451796.0391570637,87090.95458493347,297.2665903494686,347.8709969603249,32.5
97.6%,97599512,-451756.9977659788,87915.97245280002,300.0826146969673,348.0353249646027,32.5
97.8%,97799511,-452752.1747169909,87464.70126789226,298.54229576143797,346.8667603077257,32.5
98.0%,97999510,-451623.2842897512,87341.04646609898,298.12022619652606,347.73381190452795,32.5
98.2%,98199509,-452334.1642475901,87668.76271596295,299.238816441213,347.83155662307587,32.5
98.4%,98399508,-452472.59117618855,86683.81431810022,295.8769029876489,347.52797145819426,32.5
98.6%,98599507,-451520.13480738085,86399.79533638479,294.907464144184,348.0334239847753,32.5
98.8%,98799506,-451253.9868630986,87652.57721316186,299.18357064383133,348.5508901274641,32.5
99.0%,98999505,-451625.77574950224,87978.75589994143,300.2969127414779,349.5968598506949,32.5
99.2%,99199504,-450050.85340889357,86802.32721503195,296.2814217456673,350.5027539610735,32.5
99.4%,99399503,-451333.13090800215,87254.42008700385,297.8245453365486,349.54029545362596,32.5
99.6%,99599502,-452500.99410384893,87268.38132441294,297.87219907351175,348.25311216685236,32.5
99.8%,99799501,-451530.07839379786,87348.51498029637,298.14571839328767,347.88452425090554,32.5
100.0%,99999500,-451297.67226947146,87543.09624065994,298.8098804533989,348.4621783898283,32.5
