#"Progress (%)","Step","Potential Energy (kJ/mole)","Kinetic Energy (kJ/mole)","Temperature (K)","Box Volume (nm^3)","Speed (ns/day)"
0.2%,199999,-451335.4419059772,87174.68554045958,297.5523882922581,348.45907077053533,0
0.4%,399998,-452612.57343307,87337.32811282668,298.1075343824997,347.41274422074645,33
0.6%,599997,-451706.74170149537,86599.80776306725,295.59016434411615,349.0059426702837,33
0.8%,799996,-450096.5650168904,87358.52378108891,298.17988132213907,348.8554597106102,33
1.0%,999995,-451721.7178928708,86299.64644178923,294.56562703187336,347.3703615160607,33
1.2%,1199994,-451676.8726990521,87933.155060514,300.1412639015005,348.1537792108549,33
1.4%,1399993,-451635.9307199917,87263.38863260625,297.85515757388515,348.7776436675109,33
1.6%,1599992,-451579.1191738392,87384.52210259286,298.2686211048768,347.62197174996106,33
1.8%,1799991,-451038.34052350605,87225.93985252707,297.7273340677594,348.71268333507027,32.9
2.0%,1999990,-451066.34190658014,87645.59849092335,299.1597502485363,347.94155256445885,32.9
2.2%,2199989,-450933.6982298428,86783.74965620472,296.2180111699547,348.9731587644944,32.9
2.4%,2399988,-451067.0986603913,86516.59561131574,295.30613722850234,350.2235311122585,32.9
2.6%,2599987,-452684.51566493884,87788.52803328261,299.64761007186513,348.4276188446612,32.9
2.8%,2799986,-450877.76918032067,86933.19116308936,296.7280982096479,348.70417967359657,32.9
3.0%,2999985,-451792.124999485,87358.06546010729,298.1783169402105,348.232422878409,32.8
3.2%,3199984,-451608.57557810843,88094.82653506764,300.69309535433484,347.43207122435854,32.8
3.4%,3399983,-451949.1260074531,87100.05043460114,297.29763711236063,348.27178052457003,32.8
3.6%,3599982,-452462.69685451174,87094.5751411682,297.27894835395017,347.23611216783604,32.8
3.8%,3799981,-451275.0756549034,87414.43692071992,298.3707290221448,348.1612113407295,32.8
4.0%,3999980,-452035.9153763908,87981.94728100009,300.3078058470861,348.2260414240677,32.8
4.2%,4199979,-451741.37841785,87704.36445067989,299.3603354478684,349.0239277106307,32.8
4.4%,4399978,-450941.6470715939,88091.47404713545,300.68165234442023,346.7339351308888,32.8
4.6%,4599977,-451774.6080430504,87110.65966493357,297.33384948070795,348.80898723997166,32.8
4.8%,4799976,-450657.23576606205,86696.27662785188,295.9194404514465,347.5839260104643,32.8
5.0%,4999975,-451268.5669745584,87064.1238045001,297.1750091438904,350.52860434424605,32.8
5.2%,5199974,-451236.39343490684,86429.21119401336,295.00786896511084,348.64487843681746,32.8
5.4%,5399973,-453303.1533578867,87099.5745564287,297.29601280266724,349.73587923859765,32.8
5.6%,5599972,-452703.7316519483,87921.01264543657,300.0998183306501,346.99509084926984,32.8
5.8%,5799971,-451041.91570284776,87072.08463833702,297.20218176982286,349.5347548292776,32.8
6.0%,5999970,-452173.74895356316,87326.35528484639,298.0700809503294,347.6802898903539,32.8
6.2%,6199969,-451815.12004730664,86866.78404980246,296.5014315456318,348.0357541651081,32.8
6.4%,6399968,-451904.18548557535,87118.42204364226,297.3603447219501,347.88734901641976,32.8
6.6%,6599967,-451785.7556470204,87028.84355687001,297.0545874655466,347.9157185155064,32.8
6.8%,6799966,-451137.6254289616,87319.73514006741,298.04748448350404,348.2125998741846,32.8
7.0%,6999965,-451065.3958346364,87352.31740257714,298.15869715912925,350.01628420085234,32.8
7.2%,7199964,-451875.78664775705,87611.56004874216,299.04356721097247,347.53655505761486,32.8
7.4%,7399963,-451186.10959116975,86846.1802375319,296.43110478149123,350.3017324382602,32.8
7.6%,7599962,-451046.5693383543,87402.7046743437,298.33068347557776,349.21202452006685,32.8
7.8%,7799961,-451234.32521230914,87339.88310743822,298.11625531729885,348.6953000315446,32.8
8.0%,7999960,-451813.9407335045,86677.83105518343,295.85648038262735,349.292086074254,32.7
8.2%,8199959,-451740.0673259753,86894.63533970166,296.5964960448628,348.162527194689,32.7
8.4%,8399958,-450250.8181245625,87309.32653141499,298.01195689491425,349.988776237955,32.7
8.6%,8599957,-451528.6432551765,87158.54095889465,297.49728217087846,348.4272089989263,32.7
8.8%,8799956,-451908.3859459958,86839.67990398023,296.4089172650006,347.0885995013283,32.7
9.0%,8999955,-453218.0703914752,87348.0629806947,298.1441755880553,347.39356038607036,32.7
9.2%,9199954,-451392.338123776,86899.29433566658,296.61239854416993,348.08026756518535,32.7
9.4%,9399953,-451752.60131906485,87439.51609035418,298.4563314739896,347.13329551460146,32.7
9.6%,9599952,-452468.54412496835,87838.163303504,299.81702958977155,348.95793865357194,32.7
9.8%,9799951,-452752.0921341623,87775.32563172304,299.6025464608996,346.35123444322545,32.7
10.0%,9999950,-452063.7003317592,87471.5415288372,298.5656435483338,348.14151533239135,32.7
10.2%,10199949,-452015.8293119068,87485.5434225596,298.6134360570407,345.6121711622063,32.7
10.4%,10399948,-451214.09091884224,87293.64575891185,297.9584338878664,348.9505121892455,32.7
10.6%,10599947,-451224.5037957276,87432.68680836516,298.4330211614424,347.48270281066203,32.8
10.8%,10799946,-452221.6659367606,87126.72222996596,297.3886756559658,346.4765446044323,32.8
11.0%,10999945,-453597.867017386,87408.27702327515,298.349703512446,347.05232197569035,32.8
11.2%,11199944,-451103.434638035,87662.37654629073,299.21701859902714,348.63835096784004,32.8
11.4%,11399943,-451105.87204228994,87460.09533590241,298.52657438480907,349.1837824531359,32.8
11.6%,11599942,-452748.9637221154,86359.29536289163,294.76922603338437,348.19864728622196,32.8
11.8%,11799941,-451044.1778525724,86941.77438805741,296.75739523633246,347.5930454190218,32.8
12.0%,11999940,-452512.53106132336,87801.62897732476,299.69232737901064,348.44496198830427,32.8
12.2%,12199939,-453130.17577910377,87991.74843980244,300.341260033833,347.94804203002093,32.8
12.4%,12399938,-452075.2374573238,86877.08469540696,296.5365906251463,347.32797269658744,32.8
12.6%,12599937,-451947.0155443442,87991.66265918105,300.3409672397884,347.77617073596286,32.8
12.8%,12799936,-453284.1736046183,87012.20254885886,296.9977868972783,348.0667696424741,32.8
13.0%,12999935,-451577.90807286184,86853.8079697612,296.45714043539704,349.09862004484035,32.8
13.2%,13199934,-451433.3386318949,86767.9387408538,296.16404394776646,348.2381708719842,32.8
13.4%,13399933,-451722.24668650934,87687.4905237086,299.3027398598941,348.09470720092474,32.8
13.6%,13599932,-451314.35579849686,87963.90402628423,300.246219005677,347.72254265217,32.8
13.8%,13799931,-451949.868405608,87410.2603756279,298.35647326705686,346.50354096486984,32.8
14.0%,13999930,-452119.74442698713,87614.51475120825,299.05365246416295,346.6795156051076,32.8
14.2%,14199929,-453011.73095570644,88115.71796012978,300.76440382403024,347.8604616554808,32.8
14.4%,14399928,-452039.40937837726,87555.69902245543,298.85289738886735,349.0587079239512,32.8
14.6%,14599927,-451484.0697094626,87094.74091796119,297.27951419804094,349.5898575651562,32.8
14.8%,14799926,-451672.6461934522,87321.41774764057,298.05322770929087,348.5454543700085,32.8
15.0%,14999925,-449956.152611563,87094.17358030523,297.2775777107057,348.9605595040523,32.8
15.2%,15199924,-450977.95857513417,87637.1036625409,299.130754944938,348.6543619582979,32.8
15.4%,15399923,-451533.45639930246,87111.42442476639,297.3364598269721,349.1107990893485,32.8
15.6%,15599922,-450871.35985026555,87080.60513254313,297.2312646782927,348.90783731081393,32.8
15.8%,15799921,-452739.116134719,87357.75908125495,298.1772711806684,348.29310328853563,32.8
16.0%,15999920,-451266.63944729837,86660.32797953155,295.7967373284323,348.6653144513761,32.8
16.2%,16199919,-452552.7835874972,88317.33572428924,301.45258350458613,346.9084978438154,32.8
16.4%,16399918,-451222.5975915403,86922.61424623482,296.6919961365366,348.5531498899065,32.8
16.6%,16599917,-452110.8438599333,87541.04436561328,298.8028768110361,348.3361566467971,32.8
16.8%,16799916,-452330.8362936368,87105.51566863683,297.3162915351419,347.3713993706838,32.8
17.0%,16999915,-451485.61130726896,86771.36514421186,296.17573925238526,348.9472765242949,32.8
17.2%,17199914,-451350.00567043293,88168.25690077589,300.94373440802576,348.09328842010405,32.8
17.4%,17399913,-451905.84128023824,87579.95232310222,298.93568091124746,347.3706151325141,32.8
17.6%,17599912,-452066.40962888766,87265.09210881998,297.8609720303716,346.223468713577,32.8
17.8%,17799911,-452404.3605659022,87248.58144632544,297.80461636901094,348.155696000046,32.8
18.0%,17999910,-451203.8991934457,87951.97217908595,300.2054921638355,348.32740619212433,32.8
18.2%,18199909,-451517.8780754297,87570.3880339308,298.9030352289874,348.4691726198834,32.8
18.4%,18399908,-452184.5542824147,87861.58155525521,299.89696284900845,346.5527033731396,32.8
18.6%,18599907,-451091.7417508601,87637.10910363344,299.13077351695887,347.5239457643628,32.8
18.8%,18799906,-449996.7969954,87476.74701472925,298.5834113756543,349.83257088001596,32.8
19.0%,18999905,-452516.48709823145,87003.42563881486,296.96782876747,347.820069449705,32.8
19.2%,19199904,-451285.75479217665,87173.78089202498,297.5493004657794,348.01448308230545,32.8
19.4%,19399903,-451979.25597641245,87381.21037662402,298.25731722732,346.67770647148933,32.8
19.6%,19599902,-451123.4131902596,87025.9425225734,297.0446853973244,348.5031847425874,32.8
19.8%,19799901,-450307.0667968821,87609.74734923139,299.0373799438164,348.4986564901847,32.8
20.0%,19999900,-452302.0486550038,87897.30029477173,300.0188812268499,348.64009089429703,32.8
20.2%,20199899,-452500.4187060222,86318.17782907595,294.62888001077823,347.85056542331193,32.8
20.4%,20399898,-452289.08532602433,87181.42670046189,297.5753978190044,349.8264570274189,32.8
20.6%,20599897,-452238.4615842989,86874.16416920593,296.5266220254227,350.8460336312967,32.8
20.8%,20799896,-451586.0859523965,87955.01409231499,300.2158750925569,346.9394997889363,32.8
21.0%,20999895,-451997.99860779475,86987.7740358084,296.91440532434194,347.5228664342235,32.8
21.2%,21199894,-451482.5487330416,87855.79139541864,299.8771993605911,348.3235256354334,32.8
21.4%,21399893,-451056.95210162783,87468.39777867025,298.5549130207205,348.4574572568431,32.8
21.6%,21599892,-451217.6879481054,87610.12610445451,299.038672744823,347.78840313859115,32.8
21.8%,21799891,-450189.63795385323,86522.19051300717,295.3252342444562,350.87790308244934,32.8
22.0%,21999890,-452866.3110114727,87090.31616727868,297.2644112455609,346.4538476742269,32.8
22.2%,22199889,-451472.992732693,87020.50176987168,297.02611453640907,348.6291479295644,32.8
22.4%,22399888,-452713.99937740294,87206.67188831023,297.66156693897995,349.7404993018365,32.7
22.6%,22599887,-450470.17926228186,87315.86142660017,298.0342623802456,348.1843407736715,32.7
22.8%,22799886,-451239.489813949,88211.5705488284,301.09157640302436,347.66203713259176,32.7
23.0%,22999885,-451083.5162679809,87425.1311034994,298.4072313577385,349.3595948169298,32.7
23.2%,23199884,-452792.9177773725,87499.81303289102,298.66214235988303,346.9854987709068,32.7
23.4%,23399883,-451246.1540491511,87782.03379771113,299.6254433695427,348.06985747228305,32.7
23.6%,23599882,-451958.8385979603,87221.43592476193,297.7119608610205,348.71298850785104,32.7
23.8%,23799881,-450059.89492848143,87729.12256823672,299.4448420562144,349.4982580333308,32.7
24.0%,23999880,-452700.6590218148,87021.37917133604,297.0291093611061,346.63415837587513,32.7
24.2%,24199879,-451301.2857552413,87555.36407607494,298.85175412009784,348.48378428792904,32.7
24.4%,24399878,-451243.6284553772,87808.81074880343,299.71684084002743,348.70667175762094,32.7
24.6%,24599877,-451598.94502050756,86922.68300642201,296.69223083492176,348.93399177346924,32.7
24.8%,24799876,-452432.4588194154,86936.68914287933,296.7400378253087,347.33247549626714,32.7
25.0%,24999875,-451464.2226460837,86891.0164165789,296.58414361466424,349.128075214949,32.7
25.2%,25199874,-452584.47415665956,87525.70955182752,298.75053466104515,347.07474979276213,32.7
25.4%,25399873,-451668.5724935499,87095.84265600587,297.283274748302,347.4128920137168,32.7
25.6%,25599872,-450015.36281963903,87774.44851551917,299.59955260987897,349.0264042455897,32.7
25.8%,25799871,-451225.7384904879,87432.31691143557,298.43175859635096,348.27375928972737,32.7
26.0%,25999870,-451865.57480819477,87752.62235287903,299.52505361076516,349.3502827892675,32.7
26.2%,26199869,-452578.7629326843,87606.59196787479,299.0266097155924,348.9628892290282,32.7
26.4%,26399868,-452428.14152623294,87098.67740751687,297.2929505742265,347.95344694290867,32.7
26.6%,26599867,-451669.15555917425,86922.49420395936,296.69158639756785,350.33436712754286,32.7
26.8%,26799866,-451681.3673083815,87064.38322854048,297.1758946330931,348.9661626209718,32.7
27.0%,26999865,-450560.90863077994,87476.33704412496,298.582012027533,348.70188960080645,32.7
27.2%,27199864,-453047.04546060786,87595.92402419588,298.9901969416299,345.9680884401054,32.7
27.4%,27399863,-451479.2564999191,86919.09386806336,296.6799800687284,348.3104379741681,32.7
27.6%,27599862,-451343.4897805718,87262.50478220673,297.8521407371092,349.82175908161906,32.7
27.8%,27799861,-452611.0553124654,87489.5870820214,298.62723823507946,347.2976527097572,32.7
28.0%,27999860,-452444.4958932325,87032.58979911951,297.0673744727098,347.2284060536191,32.7
28.2%,28199859,-451553.6217369493,87010.2967682397,296.99128191740624,348.5097467554084,32.7
28.4%,28399858,-453362.5724824085,87898.24697243352,300.022112511224,347.7080950105629,32.7
28.6%,28599857,-451222.88497888576,87155.76705736335,297.48781404351547,348.34942245375447,32.7
28.8%,28799856,-452715.9088770128,87255.2385409146,297.827338956214,347.41896677138965,32.7
29.0%,28999855,-451167.45574169373,88217.41372257267,301.11152084322543,348.6548108701474,32.7
29.2%,29199854,-451690.97847397625,88263.16751710896,301.2676917631812,348.27534278282894,32.7
29.4%,29399853,-451741.70079126675,86891.15843409422,296.5846283614758,348.0624769318489,32.7
29.6%,29599852,-452444.07941301866,87069.21549668442,297.1923885604091,347.1956423520986,32.7
29.8%,29799851,-450835.11163668055,86470.67613160482,295.14940077717574,348.5113456540716,32.7
30.0%,29999850,-452182.1412256812,87337.31438612152,298.1074875292891,348.01267828711485,32.7
30.2%,30199849,-451053.3870889647,88071.17234815133,300.61235678021296,349.49950609790113,32.7
30.4%,30399848,-450784.56266909186,87100.36868886335,297.2987234061077,348.40040522354934,32.7
30.6%,30599847,-453088.1502376017,87442.52932342835,298.4666165090562,348.3272410732868,32.7
30.8%,30799846,-450972.66253914265,86703.51896066731,295.944160625803,348.0685168865255,32.7
31.0%,30999845,-451606.1597596728,86122.52960895677,293.9610761087547,347.0652353243414,32.7
31.2%,31199844,-452634.2866867925,87797.37245935178,299.6777986533741,349.19734723069604,32.7
31.4%,31399843,-451719.564140521,87302.86572918016,297.9899043102294,348.8357728173591,32.7
31.6%,31599842,-451737.58854619646,87690.30615066085,299.3123504081741,349.7063594349812,32.7
31.8%,31799841,-452442.07249756996,86927.60544973443,296.70903255614115,349.4103105340606,32.7
32.0%,31999840,-451218.2411956289,87769.91798923694,299.5840886147164,347.8588466984965,32.7
32.2%,32199839,-450997.91753739165,87741.41136125661,299.48678725727393,349.23615350705074,32.7
32.4%,32399838,-451387.75803645886,87117.05517044943,297.35567918882543,347.95478660808254,32.7
32.6%,32599837,-452113.9608472218,87458.71586047066,298.52186583660193,348.3967384228613,32.7
32.8%,32799836,-450999.6293010786,86865.02258508571,296.4954191576305,348.4096394367873,32.7
33.0%,32999835,-452350.391741219,87055.74144815412,297.146397739848,347.5396887532481,32.7
33.2%,33199834,-453706.67261734745,87481.2725201007,298.59885823299777,347.3971425539099,32.7
33.4%,33399833,-451044.5592319374,87355.03127252677,298.16796038135965,348.46028523638904,32.7
33.6%,33599832,-452434.61942745605,86271.33590017605,294.46899497385533,347.6810029765497,32.7
33.8%,33799831,-452152.8293231479,87124.11113883101,297.3797632475248,347.0582393420637,32.7
34.0%,33999830,-451739.9925289047,87666.70317540946,299.2317866342607,346.758152539657,32.7
34.2%,34199829,-450854.6693000104,87781.5321542633,299.6237311155203,348.0674493401196,32.7
34.4%,34399828,-450965.4703984377,86248.70785310236,294.391758911489,348.05938106930796,32.7
34.6%,34599827,-451969.00644394243,87152.24040721644,297.475776567643,346.8931496853779,32.7
34.8%,34799826,-452014.41772574466,87846.70346367697,299.8461796238681,347.7324824160488,32.7
35.0%,34999825,-452339.91889904113,87887.08580225671,299.98401621272114,348.1267353681255,32.7
35.2%,35199824,-452099.287153888,87505.98939287511,298.68322406098497,347.7727643240547,32.7
35.4%,35399823,-451977.403326096,87635.6374432879,299.1257503150069,348.3267526715211,32.7
35.6%,35599822,-452362.53291560244,87459.58089526871,298.5248184502938,348.5831860122197,32.7
35.8%,35799821,-451336.8163690814,87016.49322767515,297.0124322237428,348.4591557375159,32.7
36.0%,35999820,-451730.9633819009,87953.68313868437,300.211332163276,348.65360040825226,32.7
36.2%,36199819,-451368.6801277683,87606.85600580927,299.02751095334867,346.29839820559107,32.7
36.4%,36399818,-451578.9167464683,87527.62233796134,298.7570635527628,348.4828360094062,32.7
36.6%,36599817,-450259.7105961959,87891.08514882223,299.99766713804195,347.9622727531419,32.7
36.8%,36799816,-452769.6522470424,86496.28016186424,295.2367947299771,347.91231087152545,32.7
37.0%,36999815,-451264.5689606401,86720.95353349339,296.0036698600618,347.45277909319515,32.7
37.2%,37199814,-451837.594585503,86731.3697773522,296.0392235098169,349.50627287737353,32.7
37.4%,37399813,-450705.07681830414,87316.48121867387,298.0363779096637,348.1215357129155,32.7
37.6%,37599812,-451747.9872085885,87003.14504991821,296.9668710364979,347.7018352925987,32.7
37.8%,37799811,-453314.10981364176,87220.66577172192,297.70933210618205,347.80072125738246,32.7
38.0%,37999810,-451553.4959367695,87407.97691951622,298.3486791716107,348.2133097858365,32.7
38.2%,38199809,-451380.204890369,87595.55531870294,298.988938443256,348.63514264861567,32.7
38.4%,38399808,-451765.53421775624,87398.06497397501,298.31484683771555,347.7535240872551,32.7
38.6%,38599807,-452699.61779334024,86970.40093176841,296.85510590080975,348.6489407403911,32.7
38.8%,38799806,-452792.07265989156,86811.9041723759,296.31411066806027,347.6686779020086,32.7
39.0%,38999805,-451767.2706925124,86798.68783186356,296.26899947942167,347.6177952047305,32.7
39.2%,39199804,-452824.8908310742,87248.21741927479,297.8033738395123,347.0093438515639,32.7
39.4%,39399803,-452410.163505313,88006.15490735328,300.390433469906,347.3002948588153,32.7
39.6%,39599802,-453347.27676934004,87162.79908732319,297.51181639346515,346.9487845918098,32.7
39.8%,39799801,-450769.6873999983,87345.31759228557,298.13480478421627,349.4517024330578,32.7
40.0%,39999800,-451637.60732078133,87651.44905564818,299.17971991628946,346.4466032116299,32.7
40.2%,40199799,-450682.076761608,88303.05241415277,301.4038304403511,349.5489179084728,32.7
40.4%,40399798,-451846.1711380528,87225.08979264402,297.72443256777893,347.3187465645877,32.7
40.6%,40599797,-450598.24111508764,87428.23210260145,298.4178159636157,348.53042566672184,32.7
40.8%,40799796,-452707.02999395505,86744.31861467217,296.0834216327729,348.24743915288553,32.7
41.0%,40999795,-450890.90003669215,87152.89968040097,297.47802685749923,349.1991987575292,32.7
41.2%,41199794,-451877.53069084696,86863.5552583895,296.49041074767575,348.24732899958906,32.7
41.4%,41399793,-451747.02889458835,87981.39407455944,300.3059175936716,348.86118938279964,32.7
41.6%,41599792,-451944.63361456804,86752.27413553259,296.11057612398156,348.5276551596031,32.7
41.8%,41799791,-451953.60122154886,87952.31728447229,300.20667010822706,347.9400827980081,32.7
42.0%,41999790,-452207.8946025497,86841.14078533274,296.4139036751351,348.62489151797837,32.7
42.2%,42199789,-450265.3064442128,86798.4097435124,296.26805028353374,347.9274253432538,32.7
42.4%,42399788,-451572.1471337876,87024.39687180595,297.03940964468507,347.8342552573066,32.7
42.6%,42599787,-452139.66124401987,86874.18281830748,296.5266856801944,348.54307136512716,32.7
42.8%,42799786,-450863.7917563957,86811.7608076894,296.31362132296425,348.0086482945455,32.7
43.0%,42999785,-451447.4329734477,87575.89679785981,298.9218382318712,349.03511247882074,32.7
43.2%,43199784,-453989.1454185103,86670.31945345912,295.83084111568746,346.05001509413404,32.7
43.4%,43399783,-452208.73447565734,86778.11784261325,296.1987881630214,348.2546340903718,32.7
43.6%,43599782,-451120.72762292577,87618.85792525439,299.0684769720139,346.78007923956875,32.7
43.8%,43799781,-450985.4003228918,87083.03872239497,297.2395712235707,348.1099260951297,32.7
44.0%,43999780,-450931.0545828743,87599.48175055644,299.00234048959817,348.0855641548702,32.7
44.2%,44199779,-451976.3517296938,87247.45262590633,297.8007633787813,346.8978100318802,32.7
44.4%,44399778,-451889.7160898545,86965.72970065265,296.83916163939784,347.6657744934902,32.7
44.6%,44599777,-451256.1874490967,86971.22392770782,296.85791502373127,347.4341367500801,32.7
44.8%,44799776,-451798.4568211995,87457.72630654677,298.5184882031574,347.0382250885027,32.7
45.0%,44999775,-451952.7031523809,87371.38274743786,298.2237726895054,348.25958543712983,32.7
45.2%,45199774,-451949.44736132026,87489.6364336806,298.627406686551,346.7652311053448,32.7
45.4%,45399773,-451991.27132548625,87718.84953499737,299.40977722567993,347.5389670909658,32.7
45.6%,45599772,-452486.10747074755,87552.76846315409,298.8428945432736,348.018006606089,32.7
45.8%,45799771,-451798.17253731703,87945.52608346927,300.18348977708746,347.4954909354639,32.7
46.0%,45999770,-451646.62967130495,87361.9772544074,298.19166902435387,347.93559391745157,32.7
46.2%,46199769,-451379.23921797145,87048.6121964198,297.1220635438927,347.9380321724627,32.7
46.4%,46399768,-452784.24423801294,87416.84296542394,298.37894154787506,347.0323519498258,32.7
46.6%,46599767,-450736.55821611406,87499.70724138553,298.66178126290947,348.97554180680055,32.7
46.8%,46799766,-452633.161017925,87243.64768834959,297.78777602757623,348.18722352242685,32.7
47.0%,46999765,-450542.0373125407,88020.7375574531,300.4402082679214,349.47559179709106,32.7
47.2%,47199764,-450790.3508271924,87982.99452393001,300.31138038977576,347.29049782132245,32.7
47.4%,47399763,-452010.7550498294,87159.98713561276,297.50221838984726,348.17236626879105,32.7
47.6%,47599762,-452009.31488685124,87684.96414006187,299.2941165825841,347.6305219650671,32.7
47.8%,47799761,-450818.06807147386,87680.29249140818,299.27817089599455,348.2019105182002,32.7
48.0%,47999760,-452891.1152743143,86453.16480873822,295.0896295728541,347.0918452638664,32.7
48.2%,48199759,-452937.78508311976,86591.75633923669,295.56268250836206,346.9082632547718,32.7
48.4%,48399758,-451967.9012730289,86855.18887831154,296.461853875252,347.4988375797508,32.7
48.6%,48599757,-450187.96382509125,86855.58260439284,296.46319777612297,348.8318579332812,32.7
48.8%,48799756,-451410.4059259612,87546.84302700346,298.8226693177122,348.30657575031785,32.7
49.0%,48999755,-452527.9621312837,86950.41452084482,296.7868865058462,347.52860817279503,32.7
49.2%,49199754,-451260.72464448726,87454.28983885469,298.5067585460588,347.881172318632,32.7
49.4%,49399753,-451425.7218588437,87583.18884319044,298.94672808940516,349.0884887470223,32.7
49.6%,49599752,-451497.7623879276,87045.54782282305,297.111603951447,347.1472630583654,32.7
49.8%,49799751,-451061.6816412979,87474.10642878921,298.5743982929219,348.24322722722485,32.7
50.0%,49999750,-451618.8040057756,86803.64514593885,296.28592022462965,349.73179055883213,32.7
50.2%,50199749,-451302.5689586131,87133.94536847412,297.413330314606,349.3710977976385,32.7
50.4%,50399748,-452945.00534511777,87006.96858979319,296.97992188278977,347.5021313468564,32.7
50.6%,50599747,-450506.07165802456,87364.51120459102,298.2003181284404,348.5770505375142,32.7
50.8%,50799746,-451267.96555566555,87792.26152514858,299.6603535582856,349.66619605859705,32.7
51.0%,50999745,-450726.07140149176,86804.27014490959,296.28805352669167,349.25143617469035,32.7
51.2%,51199744,-452293.9212568435,87125.00936056586,297.3828291378204,347.6925313807136,32.7
51.4%,51399743,-452422.6891651759,87282.78395970119,297.9213594289654,347.94592982784263,32.7
51.6%,51599742,-451585.6783371223,86255.29280551232,294.4142352565911,347.6717220129182,32.7
51.8%,51799741,-451700.21844369546,87179.24630364985,297.56795549472395,348.2966908924842,32.7
52.0%,51999740,-451562.8508164766,87158.08242384793,297.49571705828384,349.16729197924224,32.7
52.2%,52199739,-452269.43211213127,87086.23431170592,297.25047869315983,347.71051699031676,32.7
52.4%,52399738,-451525.9484344586,87233.58498390985,297.7534291100031,348.4580376033427,32.7
52.6%,52599737,-452223.5030826521,88095.50520007877,300.69541183409797,347.85697199298266,32.7
52.8%,52799736,-452115.9449353437,87396.1612743215,298.30834896078045,348.22136986455445,32.7
53.0%,52999735,-451847.1097051222,87947.59957676369,300.19056720877575,349.14601839962546,32.7
53.2%,53199734,-451564.0801910609,87520.49394689652,298.7327322945212,347.13661378172196,32.7
53.4%,53399733,-451593.3927630931,87498.06966024864,298.65619172535867,347.48050477713815,32.7
53.6%,53599732,-450502.55107229436,87202.28584890722,297.6465961192813,349.6724880122395,32.7
53.8%,53799731,-451828.5486556967,86723.02218063921,296.01073075044474,348.3433055816935,32.7
54.0%,53999730,-452629.5134593891,87561.27566114895,298.8719320679328,346.8136492928775,32.7
54.2%,54199729,-451342.5552019086,86699.17612800385,295.9293372831898,348.5598620484779,32.7
54.4%,54399728,-450441.9440928884,87170.9957986516,297.5397941374259,348.83498738264655,32.7
54.6%,54599727,-453428.8171136826,87103.85216070205,297.31061350193914,347.6498603233309,32.7
54.8%,54799726,-451998.10615822487,87706.8199114674,299.36871664496886,347.17180325138787,32.7
55.0%,54999725,-451429.69455229817,86558.88455770636,295.45048162067167,345.9838309854931,32.7
55.2%,55199724,-452749.5888605099,87389.24382755146,298.28473771636305,346.97826754684945,32.7
55.4%,55399723,-451923.182184373,87856.6636921346,299.880176761307,348.3419567707331,32.7
55.6%,55599722,-451157.3581297612,86861.83540672818,296.48454039705547,348.8089734898884,32.7
55.8%,55799721,-451465.33450312447,87481.34955221353,298.599121165855,348.5948126305067,32.7
56.0%,55999720,-451063.91532584606,86612.49124337337,295.63345672691685,349.2961262786395,32.7
56.2%,56199719,-451659.0158576397,87801.94016715349,299.69338955980515,347.93382893860405,32.7
56.4%,56399718,-451363.80164309917,87362.16158586979,298.19229820089214,349.63256162812263,32.7
56.6%,56599717,-452667.05849311687,87091.33271708502,297.2678810237519,349.0350299660057,32.7
56.8%,56799716,-451926.4373425646,86897.89298157598,296.60761531777894,348.69733951800754,32.7
57.0%,56999715,-451917.5591767975,87516.17488311988,298.717990081986,347.5330085947081,32.7
57.2%,57199714,-450954.354718043,87209.98043660057,297.6728599702019,349.66393923901035,32.7
57.4%,57399713,-452351.6953456816,88092.10510129004,300.68380631457427,346.3741859081122,32.7
57.6%,57599712,-451375.9563683127,87097.09758223037,297.28755817408,347.23461710950556,32.7
57.8%,57799711,-451903.53744480247,86875.6271281554,296.5316155269959,347.33976732363095,32.7
58.0%,57999710,-451864.37241087714,87358.37086279137,298.1793593678084,348.6680137777337,32.7
58.2%,58199709,-453147.94120304007,87139.41973721853,297.43201591678735,346.92298900231185,32.7
58.4%,58399708,-451993.5518824202,87060.7513669713,297.16349804023866,347.5735155134918,32.7
58.6%,58599707,-450762.3124247934,86715.97081623256,295.986662406442,347.39481346588093,32.7
58.8%,58799706,-452575.1199638732,86699.63804570131,295.9309139417487,347.2481957173425,32.7
59.0%,58999705,-452576.19041917194,87495.33049009129,298.6468421462096,348.7761059145188,32.7
59.2%,59199704,-451518.84761006245,87488.44354715466,298.62333502018873,349.3864261108549,32.7
59.4%,59399703,-450829.5791345318,87531.79072880893,298.7712914750587,349.1508755352533,32.7
59.6%,59599702,-452570.8271876238,87569.71008328581,298.90072118756234,347.49082457931115,32.7
59.8%,59799701,-451200.33292055875,86519.88911644055,295.31737891305403,348.9914619752103,32.7
60.0%,59999700,-452865.4074861165,87491.21176850877,298.6327837594659,347.0067299995681,32.7
60.2%,60199699,-451523.83640941605,87761.53374475404,299.5554707659172,349.4876745124039,32.7
60.4%,60399698,-451742.4252894968,86566.02934054958,295.4748688287889,348.8181456825271,32.7
60.6%,60599697,-453030.3584369193,86803.53774791013,296.28555364412813,347.2893016054164,32.7
60.8%,60799696,-450911.1255553616,86903.84867746325,296.6279438285641,349.54114780724973,32.7
61.0%,60999695,-452083.6123319771,87586.55879515666,298.95823070911365,348.0567074026307,32.7
61.2%,61199694,-452404.03276941366,87762.09679343474,299.5573926137407,347.79316079112255,32.7
61.4%,61399693,-451447.9073643158,87522.45235104644,298.7394168937077,349.4166966959639,32.7
61.6%,61599692,-450951.6401306791,87852.37123174014,299.8655253538014,347.7368313574551,32.7
61.8%,61799691,-452782.90241646767,86804.69747502917,296.2895121278542,349.3379383590882,32.7
62.0%,61999690,-451180.1384540065,87446.57398285659,298.4804221002693,347.87505094837155,32.7
62.2%,62199689,-451792.6760660899,87413.87179326214,298.36880007885463,350.1312498684527,32.8
62.4%,62399688,-451623.2229074696,87220.41786468856,297.70848592785177,350.12376579013005,32.8
62.6%,62599687,-451824.3897819966,87876.91620653374,299.9493044443152,348.2498436272865,32.8
62.8%,62799686,-452243.08374059154,87104.17726655072,297.3117231821303,348.1796830747154,32.8
63.0%,62999685,-451552.1132427836,86898.57610843086,296.609947027104,348.31332483197593,32.8
63.2%,63199684,-451481.62195772445,87017.44941577606,297.01569596999343,348.8662553231052,32.8
63.4%,63399683,-450895.9722655243,87532.25856896373,298.77288834867556,347.5073377499949,32.8
63.6%,63599682,-451181.23709730525,87152.39659062901,297.4763096667547,349.42390004154754,32.8
63.8%,63799681,-450784.97410323704,86637.85256233858,295.7200222359468,348.9690521066021,32.8
64.0%,63999680,-449881.5908439611,87104.89576478756,297.3141756242015,349.52677082135256,32.8
64.2%,64199679,-451712.40764898853,87189.3121509212,297.6023131396894,349.87474076613006,32.8
64.4%,64399678,-452000.39964741515,86986.34598668735,296.9095309800993,348.3866455744258,32.8
64.6%,64599677,-451515.08553114394,87135.38071058155,297.4182295519183,347.09651549201755,32.8
64.8%,64799676,-451672.4862106489,86885.6555493043,296.56584542579225,347.8990653116109,32.8
65.0%,64999675,-452008.5675032078,87316.2534539151,298.03560048273613,347.88624207997526,32.8
65.2%,65199674,-451714.1123452126,87438.41430612426,298.45257076608505,348.6102010976912,32.8
65.4%,65399673,-451314.93612066703,87765.27385576512,299.5682368453923,346.92378624379535,32.8
65.6%,65599672,-451367.82915241225,87410.66288001294,298.3578471308147,348.1409117943368,32.8
65.8%,65799671,-453049.0569247799,87511.99452291522,298.70372130481627,346.16140962312755,32.8
66.0%,65999670,-451701.45056262007,87487.22860206431,298.619188061573,347.7470076129665,32.8
66.2%,66199669,-451974.0038563353,87763.23484435849,299.5612771103495,347.08971267697706,32.8
66.4%,66399668,-452385.08625089657,86989.31768176751,296.9196742339912,348.1792864415089,32.8
66.6%,66599667,-450993.5798963383,87328.65282933676,298.07792313348244,350.10667285083355,32.8
66.8%,66799666,-451962.7281638109,86780.42976402387,296.206679418757,349.0874873441901,32.8
67.0%,66999665,-451291.6843645093,87428.31039200141,298.4180831879571,348.1242925510393,32.8
67.2%,67199664,-452046.45964901475,88211.33744208532,301.0907807423609,348.1005564472613,32.8
67.4%,67399663,-452545.0985299186,87732.26606640837,299.45557172369485,348.2958867198017,32.8
67.6%,67599662,-451482.61727953097,87241.59760867147,297.78077851332495,346.6994335793429,32.8
67.8%,67799661,-451061.77349611,85839.3174830263,292.99439129720093,349.6968042316615,32.8
68.0%,67999660,-451376.2914200565,86812.9218171374,296.31758418364956,347.0838147296732,32.8
68.2%,68199659,-451765.8235633783,87201.3253434141,297.6433176365237,346.51055822419573,32.8
68.4%,68399658,-451039.15397149697,87537.5614961221,298.79098877119077,348.78188456798205,32.8
68.6%,68599657,-451569.75564434566,88184.78857643309,301.00016179338166,348.7657651655646,32.8
68.8%,68799656,-451548.91276303865,87602.04863334086,299.0111020021661,349.9736680144485,32.8
69.0%,68999655,-451629.42315141484,86872.18751382112,296.5198751294983,349.0565207660337,32.8
69.2%,69199654,-450447.1125870645,86545.17888082564,295.4037001856285,347.4065851378879,32.8
69.4%,69399653,-451964.02928457176,87300.46784744298,297.98171964706347,347.49836360924525,32.8
69.6%,69599652,-451628.24798897933,88231.26896450145,301.15881278699004,349.2432351757718,32.8
69.8%,69799651,-451653.8370412346,87296.5159582987,297.9682307076328,347.74519848125874,32.8
70.0%,69999650,-451050.65828984743,87485.3131113461,298.6126499383275,347.2028889294499,32.8
70.2%,70199649,-450745.642298704,88244.19250702718,301.2029245715051,347.2839787806121,32.8
70.4%,70399648,-451580.15076256497,86423.47187805572,294.9882790215421,346.7333567835086,32.8
70.6%,70599647,-451760.0922307302,86937.03241532974,296.74120951336033,347.5081301908043,32.8
70.8%,70799646,-451372.4773286171,87988.70620324818,300.3308760015091,350.70318847339007,32.8
71.0%,70999645,-453389.9877841333,87215.89776797971,297.6930575318365,347.74114123991194,32.8
71.2%,71199644,-451940.4679430141,87683.98136931425,299.29076210207995,347.31138796260166,32.8
71.4%,71399643,-451761.6633831905,86926.2682102808,296.7044681715302,347.89083541418916,32.8
71.6%,71599642,-451365.35592087964,87480.28264712828,298.59547951054844,348.6706265661397,32.8
71.8%,71799641,-451244.0607878226,87452.49298249872,298.5006253561675,347.8675853444929,32.8
72.0%,71999640,-452628.70815563295,87286.60790304327,297.934411652407,349.76700070316116,32.8
72.2%,72199639,-452021.40596920345,87555.27181417594,298.8514392035802,347.9906210827324,32.8
72.4%,72399638,-451988.5073523624,87355.36392015364,298.1690958038188,348.824954878718,32.8
72.6%,72599637,-451732.883897203,86918.03174886433,296.6763547490343,347.9349271535695,32.8
72.8%,72799636,-453077.52851588326,87098.11953879785,297.29104640710887,349.27812805928613,32.8
73.0%,72999635,-452516.14244797826,87239.80798002175,297.77466999368335,348.0124853468866,32.8
73.2%,73199634,-451469.3114756746,87006.12773400993,296.97705179906114,347.76893044862624,32.8
73.4%,73399633,-451114.7291422994,87087.34885127269,297.2542829387144,348.65110346553104,32.8
73.6%,73599632,-451652.0075695794,87245.54869873877,297.79426472527507,348.468461354705,32.8
73.8%,73799631,-453244.68296199944,87641.43007954508,299.1455222561633,347.35619705840435,32.8
74.0%,73999630,-451482.71667937655,86731.49349524712,296.0396457947369,348.17842873400537,32.8
74.2%,74199629,-452687.3517762362,87304.58284434484,297.995765320396,348.39421848338776,32.8
74.4%,74399628,-451913.1967097358,87750.82930951135,299.51893343570447,346.7457441891279,32.8
74.6%,74599627,-452411.3917560396,86913.49896610295,296.66088305185644,348.34835060775526,32.8
74.8%,74799626,-450992.9145895899,87261.38737074868,297.84832668895996,347.4180681139508,32.8
75.0%,74999625,-452389.7747806357,87363.55431708432,298.19705199491574,347.4203977510856,32.8
75.2%,75199624,-451555.7656023563,87584.03407509229,298.94961311009087,348.88312685516,32.8
75.4%,75399623,-453143.24450956844,87459.94995557133,298.52607815973573,347.385834798037,32.8
75.6%,75599622,-452356.8811584315,87669.51265110675,299.2413761865303,349.46065399942347,32.8
75.8%,75799621,-451234.3638442368,87146.3876589631,297.4557994468761,348.66937113017195,32.8
76.0%,75999620,-452810.2766743596,87617.05174752057,299.06231196556683,346.6353090101476,32.8
76.2%,76199619,-451872.6339040366,87657.00122418595,299.1986710716435,345.9932933138937,32.8
76.4%,76399618,-451710.40168509306,87143.098561713,297.4445728076743,348.6039700419733,32.8
76.6%,76599617,-451025.8941665678,86697.38288319891,295.9232164205656,347.99248390995086,32.8
76.8%,76799616,-452937.1423453563,87434.0092211425,298.4375349383235,347.40190418340154,32.8
77.0%,76999615,-452157.71337326104,86977.5813977829,296.87961490590016,348.416114785472,32.8
77.2%,77199614,-450680.7832911336,87550.91044167598,298.8365525791485,347.53708345469613,32.8
77.4%,77399613,-450656.4153723479,87808.06255833548,299.71428704979286,348.81971837246135,32.8
77.6%,77599612,-452140.8131654812,87625.05780272023,299.0896389450757,346.4926249647624,32.8
77.8%,77799611,-451751.21552067576,87527.89210675519,298.7579843515979,349.24839670270984,32.8
78.0%,77999610,-451762.8209943506,88148.1485945681,300.87509894923926,347.6492490351462,32.8
78.2%,78199609,-452100.2109805867,87316.70327553898,298.0371358539011,347.4304346688036,32.8
78.4%,78399608,-451420.6389849712,86695.79947967108,295.9178118068476,348.7248140645114,32.8
78.6%,78599607,-450870.4388310504,87612.0771697603,299.0453322944142,348.0643654100618,32.8
78.8%,78799606,-452032.8253478813,87484.35321343568,298.6093735294251,347.1766432770511,32.8
79.0%,78999605,-451550.35415245825,87910.65571718331,300.0644671421942,347.9001787276488,32.8
79.2%,79199604,-451805.1903079096,86566.9548046022,295.4780277049859,347.7486238624709,32.8
79.4%,79399603,-452060.89973269915,87023.93653346132,297.0378383769137,348.9411785308377,32.8
79.6%,79599602,-452611.028404749,87818.49482318026,299.7498953838019,348.82161624749995,32.8
79.8%,79799601,-451951.73790058726,86863.39183194109,296.4898529259901,348.05661762444373,32.8
80.0%,79999600,-451282.8112819535,86904.21758524608,296.6292030174119,348.8957107964908,32.8
80.2%,80199599,-452171.29089810327,87234.08348823345,297.75513064928754,349.17681325503685,32.8
80.4%,80399598,-452157.3679756932,87027.50570968236,297.0500210065638,348.115035049711,32.8
80.6%,80599597,-451837.25635661697,87242.81949362787,297.7849491597087,348.23141813640206,32.8
80.8%,80799596,-451186.2700262298,86350.19860573427,294.7381761729678,348.52584849593177,32.8
81.0%,80999595,-451501.44008117355,87946.52074199484,300.18688483401235,349.41149064273833,32.8
81.2%,81199594,-452606.2450817623,87318.8529406978,298.0444732821702,347.8385211113078,32.8
81.4%,81399593,-451946.3006555219,86803.04797952017,296.2838819231091,347.4359921987548,32.8
81.6%,81599592,-452402.20700115385,87643.21983866289,299.1516312211302,348.25897704462204,32.8
81.8%,81799591,-450944.49255827395,87405.22497882997,298.3392860029568,349.1844950310221,32.8
82.0%,81999590,-452490.638615672,87355.5379020244,298.1696896542106,348.0328227729638,32.8
82.2%,82199589,-451764.4261611528,86993.50598590821,296.9339701261098,346.72937706812615,32.8
82.4%,82399588,-450399.86578037543,87193.48123204289,297.6165434180902,349.46310169397924,32.8
82.6%,82599587,-451979.67966727214,87640.68723842612,299.1429867248023,347.0424874353517,32.8
82.8%,82799586,-450903.42205105256,87291.93669185467,297.952600348216,349.95223231958744,32.8
83.0%,82999585,-451880.6078588106,87047.84726788846,297.11945262181183,348.72974754679694,32.8
83.2%,83199584,-451725.686107195,87007.07192934852,296.980274610549,346.55163510050227,32.8
83.4%,83399583,-450983.55724852625,87714.78671029955,299.3959096311534,348.99553719564847,32.8
83.6%,83599582,-451916.82644931553,86876.52158803272,296.53466857698487,347.07831490342124,32.8
83.8%,83799581,-451915.73675531475,87810.35419068672,299.7221090531069,349.14569266450127,32.8
84.0%,83999580,-452165.1534697679,87656.99039777042,299.19863411795933,347.3411785707983,32.8
84.2%,84199579,-450792.55828532064,87532.40947485763,298.7734034340913,349.39268276127297,32.8
84.4%,84399578,-451088.638414809,87363.79632233654,298.1978780287618,348.5466860004274,32.8
84.6%,84599577,-451788.26816423424,87948.15297474922,300.1924561159883,346.3237148496937,32.8
84.8%,84799576,-451939.13442179933,86792.55786314956,296.24807612512785,349.9183380450472,32.8
85.0%,84999575,-452055.6215340141,88261.45352379631,301.2618414087976,349.7011015595476,32.8
85.2%,85199574,-452163.0619762838,86887.73525218153,296.5729440525808,348.87577019268747,32.8
85.4%,85399573,-451040.3534621168,87685.80535987302,299.2969879088451,348.2358268933671,32.8
85.6%,85599572,-453285.61310571386,86755.99354509765,296.1232715434403,346.91563183342,32.8
85.8%,85799571,-452356.22344911564,86224.93098412699,294.3106015880542,348.13786357917945,32.8
86.0%,85999570,-452332.7115837657,86641.359699934,295.7319931098434,349.7066722286662,32.8
86.2%,86199569,-452448.2273783465,87642.75617757553,299.15004861187793,346.2910131289636,32.8
86.4%,86399568,-451961.84824436717,87015.8392831994,297.0102001223092,349.4857904988186,32.8
86.6%,86599567,-452484.56595257623,87120.26235779916,297.3666262458718,347.669734567078,32.8
86.8%,86799566,-451071.36954280455,87892.35241187643,300.00199267298404,348.8269863371782,32.8
87.0%,86999565,-451787.50423000474,87660.43080383562,299.21037721786325,347.8567910447578,32.8
87.2%,87199564,-451163.0103354119,87590.8929233104,298.97302434072026,349.1816699922528,32.8
87.4%,87399563,-450446.25848323526,87683.9486100527,299.2906502852555,348.1125857515587,32.8
87.6%,87599562,-451416.24912933214,86984.81080127764,296.90429094874963,349.44187794614817,32.8
87.8%,87799561,-452546.89539866755,88019.03813871183,300.43440766076066,348.03175195218876,32.8
88.0%,87999560,-450704.2226830111,87115.9910541476,297.3520470524424,348.0984979957795,32.8
88.2%,88199559,-452528.210282838,87207.66122048581,297.6649438155334,348.0215091240616,32.8
88.4%,88399558,-452652.1298237094,88013.90907553618,300.4169006862514,348.3502377790099,32.8
88.6%,88599557,-450838.1780089829,87091.02597475587,297.26683402355843,348.18453880300655,32.8
88.8%,88799556,-451596.86949116085,87168.40290495494,297.53094384209936,347.5235144207963,32.8
89.0%,88999555,-452442.81305862684,87264.79727701144,297.8599656842261,347.1785738451355,32.8
89.2%,89199554,-450830.2309081368,87257.74080899952,297.83587992014407,347.8604691578492,32.8
89.4%,89399553,-451335.3578509651,87682.50825907261,299.2857339512137,348.69012784492105,32.8
89.6%,89599552,-451098.2531742058,87469.95735025598,298.56023628913465,348.52851646971976,32.8
89.8%,89799551,-452921.94262759294,87213.28526406508,297.68414030117026,346.1597381118467,32.8
90.0%,89999550,-451602.71885673655,86650.13808597217,295.7619562776463,347.50787426856823,32.8
90.2%,90199549,-452591.86693325173,87394.47200614912,298.30258300044414,347.523917054536,32.8
90.4%,90399548,-451826.5556371524,86850.03857721156,296.4442744095708,348.2433859423271,32.8
90.6%,90599547,-451537.7054719301,87304.14036538533,297.994255011866,347.2347579720949,32.8
90.8%,90799546,-451758.0162523836,87417.45538336132,298.3810319072353,349.31983311099657,32.8
91.0%,90999545,-450700.4719004715,87226.00658634523,297.72756184956154,348.454324031579,32.8
91.2%,91199544,-453203.035912727,87471.78548156697,298.56647622948344,346.9865759757157,32.8
91.4%,91399543,-451864.96574028535,86787.09147950186,296.22941777838867,348.2378376301548,32.8
91.6%,91599542,-452360.81110197445,86666.105995688,295.8164593669609,347.41468399752597,32.8
91.8%,91799541,-452075.9449252812,87044.09209529834,297.1066351328159,347.11859491602286,32.8
92.0%,91999540,-452291.245054143,86565.61742119977,295.4734628290361,348.33201423354507,32.8
92.2%,92199539,-452822.2659285655,86469.26195369603,295.1445737793882,348.3287131742887,32.8
92.4%,92399538,-452031.8898273655,87576.66088946187,298.9244462972707,347.67778900277995,32.8
92.6%,92599537,-450927.95002627,87597.73595279001,298.9963815774248,348.3589045928754,32.8
92.8%,92799536,-451968.471755465,87490.75334150728,298.6312190156609,347.8816280086304,32.8
93.0%,92999535,-451081.2602482578,87068.21882534795,297.18898663317907,350.5376887981111,32.8
93.2%,93199534,-452741.78655946767,86672.3391022865,295.837734760653,347.8911230886855,32.8
93.4%,93399533,-452460.1562260012,88045.58404657478,300.52501651395056,349.77528087532687,32.8
93.6%,93599532,-452247.14920205483,87336.33599254896,298.10414798934806,347.0276487804997,32.8
93.8%,93799531,-450454.87155196164,86722.18805816269,296.0078836494374,350.08005065333026,32.8
94.0%,93999530,-452901.2686024639,86269.70877473294,294.46344112460827,346.59742633568356,32.8
94.2%,94199529,-452316.4711092757,87430.3052926251,298.4248923601532,347.7240695593553,32.8
94.4%,94399528,-451417.49679391086,87409.85993910418,298.3551064615071,348.54931769723146,32.8
94.6%,94599527,-452420.4951395835,87641.07648992934,299.1443153526455,349.3828417168772,32.8
94.8%,94799526,-451275.24708155915,88006.81464038603,300.3926853293571,349.56160720242605,32.8
95.0%,94999525,-452217.2704683277,87312.82643086393,298.02390306292574,348.11069282114914,32.8
95.2%,95199524,-451137.57982201735,86298.78241886239,294.5626778719902,347.6084829941815,32.8
95.4%,95399523,-450022.28572346177,87074.13053034211,297.2091649903361,349.8941943734172,32.8
95.6%,95599522,-450970.4668317209,86503.10489992565,295.26008953278654,349.14885815611217,32.8
95.8%,95799521,-452140.80426262366,87358.67133560928,298.18038496834856,346.7093061873824,32.8
96.0%,95999520,-450263.5834051771,87671.50618162891,299.248180682174,348.31804292200184,32.8
96.2%,96199519,-451809.2754527633,87771.45922085381,299.589349283518,348.20864535668375,32.8
96.4%,96399518,-450562.51863051765,87598.7186821241,298.9997359165726,349.7573584857616,32.8
96.6%,96599517,-451072.75604470307,87492.58707766212,298.63747808696104,349.5601797480922,32.8
96.8%,96799516,-451223.35515827173,87686.97908817639,299.3009941826585,348.3541388341775,32.8
97.0%,96999515,-450496.25813332293,86786.27678857837,296.22663700288604,348.84465568336134,32.8
97.2%,97199514,-452636.7279583309,88053.51757127006,300.5520959258925,348.88909885248995,32.8
97.4%,97399513,-451533.2774799941,87703.73182182852,299.3581761028193,348.0898442062995,32.8
97.6%,97599512,-451068.48241832526,87138.20956472421,297.42788524842075,348.55159391095265,32.8
97.8%,97799511,-451655.4621132398,87348.90699984878,298.14705646928246,347.2337143218502,32.8
98.0%,97999510,-451173.10668782704,87162.40361778098,297.51046654165833,349.6437075043595,32.8
98.2%,98199509,-451711.7069630185,86625.69778815052,295.6785344798811,349.0511516006847,32.8
98.4%,98399508,-451456.6344010555,87318.33728107634,298.0427131868976,348.1124407899381,32.8
98.6%,98599507,-451876.74687973224,86637.71035508474,295.7195368415029,348.3712650679247,32.7
98.8%,98799506,-451905.3712445968,86858.68333776103,296.4737814749737,348.4306916994223,32.7
99.0%,98999505,-450470.6897929511,86964.51451924129,296.8350138741502,349.0935817848404,32.7
99.2%,99199504,-452279.6635461636,87555.83516083856,298.85336206850207,347.2806389186989,32.7
99.4%,99399503,-452221.5456144549,87085.6516609448,297.2484899377725,347.1813142567433,32.7
99.6%,99599502,-451064.3711015959,86717.57615306193,295.9921418848552,347.93694605745895,32.7
99.8%,99799501,-451072.7704951293,87399.21251689387,298.3187637332461,350.3559738154777,32.7
100.0%,99999500,-451514.2163707954,87727.73621873162,299.4401100448089,349.16879290233356,32.7
